100 
4 
3 
2 3 4 
3 
1 3 4 
3 
1 2 4 
3 
1 2 3 
3 
6 7 8 
3 
5 7 8 
3 
5 6 8 
3 
5 6 7 
4 
10 11 12 327 
3 
9 11 12 
4 
9 10 12 117 
3 
9 10 11 
3 
14 15 16 
3 
13 15 16 
3 
13 14 16 
3 
13 14 15 
3 
18 19 20 
3 
17 19 20 
3 
17 18 20 
3 
17 18 19 
3 
22 23 24 
3 
21 23 24 
3 
21 22 24 
3 
21 22 23 
5 
26 27 28 51 52 
4 
25 27 28 51 
3 
25 26 28 
4 
25 26 27 314 
3 
30 31 32 
3 
29 31 32 
3 
29 30 32 
3 
29 30 31 
4 
34 35 36 255 
3 
33 35 36 
3 
33 34 36 
3 
33 34 35 
3 
38 39 40 
3 
37 39 40 
3 
37 38 40 
3 
37 38 39 
4 
42 43 44 333 
5 
41 43 44 333 334 
7 
41 42 44 333 334 335 336 
5 
41 42 43 333 336 
3 
46 47 48 
3 
45 47 48 
3 
45 46 48 
3 
45 46 47 
3 
50 51 52 
3 
49 51 52 
5 
25 26 49 50 52 
4 
25 49 50 51 
3 
54 55 56 
3 
53 55 56 
5 
53 54 56 277 278 
4 
53 54 55 277 
3 
58 59 60 
3 
57 59 60 
3 
57 58 60 
3 
57 58 59 
5 
62 63 64 321 322 
4 
61 63 64 322 
5 
61 62 64 322 323 
7 
61 62 63 321 322 323 324 
3 
66 67 68 
3 
65 67 68 
3 
65 66 68 
3 
65 66 67 
5 
70 71 72 81 84 
7 
69 71 72 81 82 83 84 
5 
69 70 72 83 84 
4 
69 70 71 84 
3 
74 75 76 
3 
73 75 76 
3 
73 74 76 
3 
73 74 75 
3 
78 79 80 
3 
77 79 80 
3 
77 78 80 
3 
77 78 79 
5 
69 70 82 83 84 
4 
70 81 83 84 
5 
70 71 81 82 84 
7 
69 70 71 72 81 82 83 
3 
86 87 88 
3 
85 87 88 
3 
85 86 88 
3 
85 86 87 
3 
90 91 92 
3 
89 91 92 
3 
89 90 92 
3 
89 90 91 
4 
94 95 96 113 
5 
93 95 96 113 114 
7 
93 94 96 113 114 115 116 
5 
93 94 95 113 116 
3 
98 99 100 
6 
97 99 100 273 289 292 
6 
97 98 100 273 276 292 
3 
97 98 99 
3 
102 103 104 
3 
101 103 104 
4 
101 102 104 285 
3 
101 102 103 
3 
106 107 108 
3 
105 107 108 
3 
105 106 108 
3 
105 106 107 
3 
110 111 112 
6 
109 111 112 221 229 232 
6 
109 110 112 221 224 232 
3 
109 110 111 
7 
93 94 95 96 114 115 116 
5 
94 95 113 115 116 
4 
95 113 114 116 
5 
95 96 113 114 115 
4 
11 118 119 120 
3 
117 119 120 
3 
117 118 120 
3 
117 118 119 
3 
122 123 124 
3 
121 123 124 
3 
121 122 124 
3 
121 122 123 
3 
126 127 128 
3 
125 127 128 
3 
125 126 128 
3 
125 126 127 
3 
130 131 132 
3 
129 131 132 
3 
129 130 132 
3 
129 130 131 
4 
134 135 136 176 
6 
133 135 136 175 176 204 
3 
133 134 136 
3 
133 134 135 
3 
138 139 140 
5 
137 139 140 397 400 
4 
137 138 140 400 
3 
137 138 139 
6 
142 143 144 191 192 350 
4 
141 143 144 191 
3 
141 142 144 
5 
141 142 143 350 351 
3 
146 147 148 
3 
145 147 148 
3 
145 146 148 
3 
145 146 147 
3 
150 151 152 
3 
149 151 152 
3 
149 150 152 
3 
149 150 151 
3 
154 155 156 
3 
153 155 156 
3 
153 154 156 
3 
153 154 155 
3 
158 159 160 
3 
157 159 160 
5 
157 158 160 261 262 
4 
157 158 159 261 
3 
162 163 164 
3 
161 163 164 
3 
161 162 164 
3 
161 162 163 
3 
166 167 168 
3 
165 167 168 
3 
165 166 168 
3 
165 166 167 
4 
170 171 172 342 
3 
169 171 172 
3 
169 170 172 
4 
169 170 171 343 
3 
174 175 176 
4 
173 175 176 201 
6 
134 173 174 176 201 204 
5 
133 134 173 174 175 
3 
178 179 180 
3 
177 179 180 
3 
177 178 180 
3 
177 178 179 
3 
182 183 184 
3 
181 183 184 
3 
181 182 184 
3 
181 182 183 
3 
186 187 188 
3 
185 187 188 
3 
185 186 188 
3 
185 186 187 
3 
190 191 192 
3 
189 191 192 
5 
141 142 189 190 192 
4 
141 189 190 191 
5 
194 195 196 257 258 
4 
193 195 196 258 
5 
193 194 196 258 259 
8 
193 194 195 257 258 259 260 298 
4 
198 199 200 399 
3 
197 199 200 
3 
197 198 200 
3 
197 198 199 
5 
174 175 202 203 204 
3 
201 203 204 
3 
201 202 204 
5 
134 175 201 202 203 
3 
206 207 208 
3 
205 207 208 
3 
205 206 208 
3 
205 206 207 
3 
210 211 212 
3 
209 211 212 
3 
209 210 212 
3 
209 210 211 
3 
214 215 216 
3 
213 215 216 
3 
213 214 216 
3 
213 214 215 
3 
218 219 220 
3 
217 219 220 
3 
217 218 220 
3 
217 218 219 
6 
110 111 222 223 224 232 
5 
221 223 224 231 232 
3 
221 222 224 
4 
111 221 222 223 
3 
226 227 228 
3 
225 227 228 
3 
225 226 228 
3 
225 226 227 
4 
110 230 231 232 
3 
229 231 232 
4 
222 229 230 232 
7 
110 111 221 222 229 230 231 
5 
234 235 236 337 338 
4 
233 235 236 338 
4 
233 234 236 339 
5 
233 234 235 339 340 
3 
238 239 240 
3 
237 239 240 
3 
237 238 240 
3 
237 238 239 
3 
242 243 244 
3 
241 243 244 
3 
241 242 244 
3 
241 242 243 
3 
246 247 248 
3 
245 247 248 
3 
245 246 248 
3 
245 246 247 
3 
250 251 252 
3 
249 251 252 
3 
249 250 252 
3 
249 250 251 
3 
254 255 256 
3 
253 255 256 
4 
33 253 254 256 
3 
253 254 255 
5 
193 196 258 259 260 
7 
193 194 195 196 257 259 260 
6 
195 196 257 258 260 298 
6 
196 257 258 259 297 298 
5 
159 160 262 263 264 
4 
159 261 263 264 
3 
261 262 264 
3 
261 262 263 
4 
266 267 268 341 
5 
265 267 268 341 342 
7 
265 266 268 341 342 343 344 
5 
265 266 267 341 344 
3 
270 271 272 
3 
269 271 272 
3 
269 270 272 
3 
269 270 271 
6 
98 99 274 275 276 292 
5 
273 275 276 291 292 
3 
273 274 276 
4 
99 273 274 275 
5 
55 56 278 279 280 
4 
55 277 279 280 
3 
277 278 280 
3 
277 278 279 
3 
282 283 284 
3 
281 283 284 
3 
281 282 284 
3 
281 282 283 
4 
103 286 287 288 
3 
285 287 288 
3 
285 286 288 
3 
285 286 287 
4 
98 290 291 292 
3 
289 291 292 
4 
274 289 290 292 
7 
98 99 273 274 289 290 291 
3 
294 295 296 
4 
293 295 296 317 
5 
293 294 296 317 320 
3 
293 294 295 
4 
260 298 299 300 
6 
196 259 260 297 299 300 
3 
297 298 300 
3 
297 298 299 
3 
302 303 304 
3 
301 303 304 
3 
301 302 304 
3 
301 302 303 
3 
306 307 308 
3 
305 307 308 
3 
305 306 308 
3 
305 306 307 
3 
310 311 312 
3 
309 311 312 
3 
309 310 312 
3 
309 310 311 
3 
314 315 316 
4 
28 313 315 316 
3 
313 314 316 
3 
313 314 315 
5 
294 295 318 319 320 
3 
317 319 320 
3 
317 318 320 
4 
295 317 318 319 
5 
61 64 322 323 324 
7 
61 62 63 64 321 323 324 
5 
63 64 321 322 324 
4 
64 321 322 323 
3 
326 327 328 
3 
325 327 328 
4 
9 325 326 328 
3 
325 326 327 
3 
330 331 332 
3 
329 331 332 
3 
329 330 332 
3 
329 330 331 
7 
41 42 43 44 334 335 336 
5 
42 43 333 335 336 
4 
43 333 334 336 
5 
43 44 333 334 335 
4 
233 338 339 340 
5 
233 234 337 339 340 
5 
235 236 337 338 340 
4 
236 337 338 339 
7 
265 266 267 268 342 343 344 
6 
169 266 267 341 343 344 
5 
172 267 341 342 344 
5 
267 268 341 342 343 
3 
346 347 348 
3 
345 347 348 
5 
345 346 348 377 378 
4 
345 346 347 377 
3 
350 351 352 
5 
141 144 349 351 352 
4 
144 349 350 352 
3 
349 350 351 
3 
354 355 356 
3 
353 355 356 
3 
353 354 356 
3 
353 354 355 
3 
358 359 360 
3 
357 359 360 
3 
357 358 360 
3 
357 358 359 
3 
362 363 364 
3 
361 363 364 
3 
361 362 364 
3 
361 362 363 
3 
366 367 368 
3 
365 367 368 
3 
365 366 368 
3 
365 366 367 
3 
370 371 372 
3 
369 371 372 
3 
369 370 372 
3 
369 370 371 
3 
374 375 376 
3 
373 375 376 
3 
373 374 376 
3 
373 374 375 
5 
347 348 378 379 380 
4 
347 377 379 380 
3 
377 378 380 
3 
377 378 379 
3 
382 383 384 
3 
381 383 384 
3 
381 382 384 
3 
381 382 383 
3 
386 387 388 
3 
385 387 388 
3 
385 386 388 
3 
385 386 387 
3 
390 391 392 
3 
389 391 392 
3 
389 390 392 
3 
389 390 391 
3 
394 395 396 
3 
393 395 396 
3 
393 394 396 
3 
393 394 395 
4 
138 398 399 400 
3 
397 399 400 
4 
197 397 398 400 
5 
138 139 397 398 399 