
25 
4 
12 
2 3 4 15 17 26 39 69 90 91 95 96 
8 
1 3 4 17 18 69 70 95 
11 
1 2 4 17 18 19 20 69 70 71 72 
11 
1 2 3 10 17 20 26 27 69 72 91 
5 
6 7 8 75 76 
6 
5 7 8 65 68 75 
4 
5 6 8 68 
3 
5 6 7 
7 
10 11 12 27 28 55 63 
9 
4 9 11 12 17 20 27 69 72 
5 
9 10 12 20 72 
4 
9 10 11 42 
8 
14 15 16 37 38 77 80 88 
12 
13 15 16 24 38 77 78 79 80 87 88 93 
12 
1 13 14 16 38 39 79 80 89 90 93 96 
9 
13 14 15 37 38 39 40 80 89 
16 
1 2 3 4 10 18 19 20 26 27 69 70 71 72 95 96 
8 
2 3 17 19 20 70 71 95 
5 
3 17 18 20 71 
10 
3 4 10 11 17 18 19 27 71 72 
10 
22 23 24 45 46 47 48 57 60 86 
9 
21 23 24 46 47 57 58 59 60 
7 
21 22 24 47 59 60 78 
11 
14 21 22 23 47 48 60 77 78 86 87 
13 
26 27 28 39 40 53 54 55 56 62 63 91 92 
12 
1 4 17 25 27 28 39 54 55 69 91 96 
11 
4 9 10 17 20 25 26 28 55 69 72 
7 
9 25 26 27 55 56 63 
6 
30 31 32 41 44 97 
9 
29 31 32 41 42 43 44 97 98 
11 
29 30 32 43 44 65 74 97 98 99 100 
8 
29 30 31 44 73 74 97 100 
5 
34 35 36 49 50 
4 
33 35 36 50 
5 
33 34 36 50 51 
7 
33 34 35 49 50 51 52 
8 
13 16 38 39 40 77 80 89 
14 
13 14 15 16 37 39 40 77 78 79 80 89 90 93 
18 
1 15 16 25 26 37 38 40 54 62 79 80 89 90 91 92 93 96 
12 
16 25 37 38 39 53 54 61 62 80 89 92 
5 
29 30 42 43 44 
5 
12 30 41 43 44 
7 
30 31 41 42 44 97 98 
8 
29 30 31 32 41 42 43 97 
6 
21 46 47 48 57 86 
7 
21 22 45 47 48 57 58 
11 
21 22 23 24 45 46 48 57 58 59 60 
9 
21 24 45 46 47 57 60 86 87 
5 
33 36 50 51 52 
7 
33 34 35 36 49 51 52 
6 
35 36 49 50 52 66 
6 
36 49 50 51 65 66 
9 
25 40 54 55 56 61 62 89 92 
13 
25 26 39 40 53 55 56 62 89 90 91 92 96 
12 
9 25 26 27 28 53 54 56 62 63 91 92 
10 
25 28 53 54 55 61 62 63 64 92 
10 
21 22 45 46 47 48 58 59 60 86 
6 
22 46 47 57 59 60 
7 
22 23 47 57 58 60 78 
13 
21 22 23 24 47 48 57 58 59 77 78 86 87 
6 
40 53 56 62 63 64 
11 
25 39 40 53 54 55 56 61 63 64 92 
8 
9 25 28 55 56 61 62 64 
4 
56 61 62 63 
9 
6 31 52 66 67 68 74 75 99 
5 
51 52 65 67 68 
3 
65 66 68 
6 
6 7 65 66 67 75 
14 
1 2 3 4 10 17 26 27 70 71 72 91 95 96 
8 
2 3 17 18 69 71 72 95 
8 
3 17 18 19 20 69 70 72 
10 
3 4 10 11 17 20 27 69 70 71 
5 
32 74 75 76 100 
8 
31 32 65 73 75 76 99 100 
7 
5 6 65 68 73 74 76 
4 
5 73 74 75 
11 
13 14 24 37 38 60 78 79 80 87 88 
10 
14 23 24 38 59 60 77 79 80 87 
10 
14 15 38 39 77 78 80 90 93 94 
14 
13 14 15 16 37 38 39 40 77 78 79 89 90 93 
3 
82 83 84 
3 
81 83 84 
4 
81 82 84 85 
3 
81 82 83 
4 
83 86 87 88 
9 
21 24 45 48 57 60 85 87 88 
9 
14 24 48 60 77 78 85 86 88 
6 
13 14 77 85 86 87 
12 
15 16 37 38 39 40 53 54 80 90 91 92 
12 
1 15 38 39 54 79 80 89 91 92 93 96 
12 
1 4 25 26 39 54 55 69 89 90 92 96 
11 
25 39 40 53 54 55 56 62 89 90 91 
10 
14 15 38 39 79 80 90 94 95 96 
4 
79 93 95 96 
9 
1 2 17 18 69 70 93 94 96 
12 
1 15 17 26 39 54 69 90 91 93 94 95 
9 
29 30 31 32 43 44 98 99 100 
6 
30 31 43 97 99 100 
6 
31 65 74 97 98 100 
7 
31 32 73 74 97 98 99 