250 
4 
3 
2 3 4 
3 
1 3 4 
3 
1 2 4 
3 
1 2 3 
3 
6 7 8 
3 
5 7 8 
3 
5 6 8 
4 
5 6 7 890 
4 
10 11 12 327 
3 
9 11 12 
5 
9 10 12 117 693 
3 
9 10 11 
3 
14 15 16 
3 
13 15 16 
3 
13 14 16 
4 
13 14 15 490 
3 
18 19 20 
3 
17 19 20 
3 
17 18 20 
3 
17 18 19 
4 
22 23 24 819 
3 
21 23 24 
3 
21 22 24 
3 
21 22 23 
5 
26 27 28 51 52 
4 
25 27 28 51 
3 
25 26 28 
4 
25 26 27 314 
3 
30 31 32 
5 
29 31 32 437 440 
4 
29 30 32 440 
3 
29 30 31 
4 
34 35 36 255 
3 
33 35 36 
4 
33 34 36 746 
6 
33 34 35 745 746 986 
3 
38 39 40 
3 
37 39 40 
3 
37 38 40 
3 
37 38 39 
4 
42 43 44 333 
5 
41 43 44 333 334 
7 
41 42 44 333 334 335 336 
5 
41 42 43 333 336 
3 
46 47 48 
3 
45 47 48 
3 
45 46 48 
3 
45 46 47 
3 
50 51 52 
3 
49 51 52 
5 
25 26 49 50 52 
4 
25 49 50 51 
4 
54 55 56 914 
3 
53 55 56 
5 
53 54 56 277 278 
6 
53 54 55 277 914 915 
5 
58 59 60 938 939 
3 
57 59 60 
3 
57 58 60 
4 
57 58 59 939 
5 
62 63 64 321 322 
6 
61 63 64 322 861 864 
6 
61 62 64 322 323 864 
7 
61 62 63 321 322 323 324 
3 
66 67 68 
3 
65 67 68 
3 
65 66 68 
3 
65 66 67 
5 
70 71 72 81 84 
7 
69 71 72 81 82 83 84 
6 
69 70 72 83 84 706 
6 
69 70 71 84 705 706 
4 
74 75 76 701 
5 
73 75 76 701 702 
5 
73 74 76 703 704 
4 
73 74 75 704 
3 
78 79 80 
3 
77 79 80 
5 
77 78 80 577 578 
4 
77 78 79 577 
5 
69 70 82 83 84 
4 
70 81 83 84 
5 
70 71 81 82 84 
8 
69 70 71 72 81 82 83 706 
5 
86 87 88 882 883 
3 
85 87 88 
3 
85 86 88 
5 
85 86 87 422 883 
4 
90 91 92 516 
5 
89 91 92 515 516 
3 
89 90 92 
3 
89 90 91 
4 
94 95 96 113 
5 
93 95 96 113 114 
7 
93 94 96 113 114 115 116 
5 
93 94 95 113 116 
3 
98 99 100 
6 
97 99 100 273 289 292 
6 
97 98 100 273 276 292 
3 
97 98 99 
3 
102 103 104 
4 
101 103 104 1000 
4 
101 102 104 285 
3 
101 102 103 
3 
106 107 108 
3 
105 107 108 
3 
105 106 108 
3 
105 106 107 
4 
110 111 112 592 
8 
109 111 112 221 229 232 591 592 
7 
109 110 112 221 224 232 466 
5 
109 110 111 465 466 
7 
93 94 95 96 114 115 116 
5 
94 95 113 115 116 
4 
95 113 114 116 
5 
95 96 113 114 115 
8 
11 118 119 120 493 496 693 694 
8 
117 119 120 493 494 495 496 694 
9 
117 118 120 495 496 694 695 761 762 
9 
117 118 119 496 693 694 695 696 761 
5 
122 123 124 458 459 
3 
121 123 124 
3 
121 122 124 
4 
121 122 123 459 
5 
126 127 128 557 560 
7 
125 127 128 557 558 559 560 
7 
125 126 128 559 560 805 806 
5 
125 126 127 560 805 
3 
130 131 132 
4 
129 131 132 936 
3 
129 130 132 
3 
129 130 131 
4 
134 135 136 176 
7 
133 135 136 175 176 204 952 
3 
133 134 136 
3 
133 134 135 
5 
138 139 140 401 404 
9 
137 139 140 397 400 401 402 403 404 
6 
137 138 140 400 403 404 
4 
137 138 139 404 
7 
142 143 144 191 192 350 499 
4 
141 143 144 191 
3 
141 142 144 
5 
141 142 143 350 351 
3 
146 147 148 
3 
145 147 148 
4 
145 146 148 973 
3 
145 146 147 
3 
150 151 152 
3 
149 151 152 
4 
149 150 152 830 
5 
149 150 151 829 830 
3 
154 155 156 
3 
153 155 156 
3 
153 154 156 
3 
153 154 155 
3 
158 159 160 
3 
157 159 160 
5 
157 158 160 261 262 
4 
157 158 159 261 
4 
162 163 164 537 
5 
161 163 164 537 538 
9 
161 162 164 537 538 539 540 657 658 
6 
161 162 163 537 540 657 
3 
166 167 168 
4 
165 167 168 581 
5 
165 166 168 581 584 
3 
165 166 167 
4 
170 171 172 342 
3 
169 171 172 
3 
169 170 172 
4 
169 170 171 343 
4 
174 175 176 949 
6 
173 175 176 201 949 950 
10 
134 173 174 176 201 204 949 950 951 952 
7 
133 134 173 174 175 949 952 
3 
178 179 180 
3 
177 179 180 
3 
177 178 180 
3 
177 178 179 
3 
182 183 184 
3 
181 183 184 
3 
181 182 184 
3 
181 182 183 
3 
186 187 188 
3 
185 187 188 
4 
185 186 188 730 
5 
185 186 187 729 730 
5 
190 191 192 497 498 
4 
189 191 192 498 
7 
141 142 189 190 192 498 499 
8 
141 189 190 191 497 498 499 500 
9 
194 195 196 257 258 649 652 797 800 
12 
193 195 196 258 649 650 651 652 797 798 799 800 
9 
193 194 196 258 259 651 652 799 800 
10 
193 194 195 257 258 259 260 298 652 800 
4 
198 199 200 399 
4 
197 199 200 733 
5 
197 198 200 733 736 
3 
197 198 199 
7 
174 175 202 203 204 949 950 
4 
201 203 204 950 
5 
201 202 204 950 951 
9 
134 175 201 202 203 949 950 951 952 
5 
206 207 208 737 740 
7 
205 207 208 737 738 739 740 
5 
205 206 208 739 740 
4 
205 206 207 740 
4 
210 211 212 523 
3 
209 211 212 
3 
209 210 212 
3 
209 210 211 
3 
214 215 216 
3 
213 215 216 
4 
213 214 216 866 
5 
213 214 215 865 866 
3 
218 219 220 
3 
217 219 220 
3 
217 218 220 
3 
217 218 219 
7 
110 111 222 223 224 232 466 
7 
221 223 224 231 232 937 940 
4 
221 222 224 940 
6 
111 221 222 223 466 467 
3 
226 227 228 
3 
225 227 228 
5 
225 226 228 997 998 
4 
225 226 227 997 
10 
110 230 231 232 447 448 589 590 591 592 
7 
229 231 232 447 590 591 937 
7 
222 229 230 232 591 937 940 
9 
110 111 221 222 229 230 231 591 592 
5 
234 235 236 337 338 
4 
233 235 236 338 
6 
233 234 236 339 961 962 
6 
233 234 235 339 340 961 
4 
238 239 240 418 
3 
237 239 240 
3 
237 238 240 
4 
237 238 239 419 
3 
242 243 244 
3 
241 243 244 
3 
241 242 244 
3 
241 242 243 
3 
246 247 248 
5 
245 247 248 669 672 
4 
245 246 248 672 
3 
245 246 247 
3 
250 251 252 
3 
249 251 252 
3 
249 250 252 
3 
249 250 251 
3 
254 255 256 
3 
253 255 256 
4 
33 253 254 256 
3 
253 254 255 
7 
193 196 258 259 260 652 800 
11 
193 194 195 196 257 259 260 651 652 799 800 
6 
195 196 257 258 260 298 
6 
196 257 258 259 297 298 
5 
159 160 262 263 264 
4 
159 261 263 264 
5 
261 262 264 757 758 
4 
261 262 263 757 
5 
266 267 268 341 822 
5 
265 267 268 341 342 
7 
265 266 268 341 342 343 344 
7 
265 266 267 341 344 822 823 
3 
270 271 272 
3 
269 271 272 
3 
269 270 272 
3 
269 270 271 
6 
98 99 274 275 276 292 
5 
273 275 276 291 292 
3 
273 274 276 
4 
99 273 274 275 
6 
55 56 278 279 280 915 
4 
55 277 279 280 
3 
277 278 280 
3 
277 278 279 
5 
282 283 284 603 604 
4 
281 283 284 603 
4 
281 282 284 529 
3 
281 282 283 
4 
103 286 287 288 
5 
285 287 288 633 636 
6 
285 286 288 636 941 942 
4 
285 286 287 941 
4 
98 290 291 292 
3 
289 291 292 
4 
274 289 290 292 
7 
98 99 273 274 289 290 291 
3 
294 295 296 
4 
293 295 296 317 
5 
293 294 296 317 320 
3 
293 294 295 
4 
260 298 299 300 
6 
196 259 260 297 299 300 
3 
297 298 300 
3 
297 298 299 
5 
302 303 304 913 916 
7 
301 303 304 913 914 915 916 
5 
301 302 304 915 916 
4 
301 302 303 916 
5 
306 307 308 945 948 
7 
305 307 308 945 946 947 948 
5 
305 306 308 947 948 
4 
305 306 307 948 
3 
310 311 312 
3 
309 311 312 
3 
309 310 312 
3 
309 310 311 
3 
314 315 316 
4 
28 313 315 316 
3 
313 314 316 
3 
313 314 315 
5 
294 295 318 319 320 
3 
317 319 320 
3 
317 318 320 
4 
295 317 318 319 
5 
61 64 322 323 324 
7 
61 62 63 64 321 323 324 
5 
63 64 321 322 324 
4 
64 321 322 323 
3 
326 327 328 
5 
325 327 328 665 668 
5 
9 325 326 328 668 
4 
325 326 327 750 
3 
330 331 332 
3 
329 331 332 
3 
329 330 332 
3 
329 330 331 
7 
41 42 43 44 334 335 336 
5 
42 43 333 335 336 
5 
43 333 334 336 714 
7 
43 44 333 334 335 713 714 
4 
233 338 339 340 
5 
233 234 337 339 340 
7 
235 236 337 338 340 961 962 
5 
236 337 338 339 961 
9 
265 266 267 268 342 343 344 822 823 
6 
169 266 267 341 343 344 
5 
172 267 341 342 344 
6 
267 268 341 342 343 823 
3 
346 347 348 
3 
345 347 348 
5 
345 346 348 377 378 
4 
345 346 347 377 
4 
350 351 352 500 
7 
141 144 349 351 352 499 500 
4 
144 349 350 352 
3 
349 350 351 
3 
354 355 356 
3 
353 355 356 
3 
353 354 356 
3 
353 354 355 
3 
358 359 360 
3 
357 359 360 
3 
357 358 360 
3 
357 358 359 
3 
362 363 364 
3 
361 363 364 
3 
361 362 364 
4 
361 362 363 558 
3 
366 367 368 
3 
365 367 368 
3 
365 366 368 
3 
365 366 367 
3 
370 371 372 
3 
369 371 372 
3 
369 370 372 
3 
369 370 371 
3 
374 375 376 
3 
373 375 376 
4 
373 374 376 930 
5 
373 374 375 929 930 
5 
347 348 378 379 380 
4 
347 377 379 380 
3 
377 378 380 
3 
377 378 379 
4 
382 383 384 853 
5 
381 383 384 853 854 
7 
381 382 384 853 854 855 856 
5 
381 382 383 853 856 
3 
386 387 388 
3 
385 387 388 
3 
385 386 388 
3 
385 386 387 
5 
390 391 392 746 747 
3 
389 391 392 
3 
389 390 392 
4 
389 390 391 747 
3 
394 395 396 
3 
393 395 396 
3 
393 394 396 
3 
393 394 395 
6 
138 398 399 400 402 403 
3 
397 399 400 
4 
197 397 398 400 
6 
138 139 397 398 399 403 
5 
137 138 402 403 404 
5 
138 397 401 403 404 
7 
138 139 397 400 401 402 404 
7 
137 138 139 140 401 402 403 
3 
406 407 408 
3 
405 407 408 
3 
405 406 408 
3 
405 406 407 
3 
410 411 412 
3 
409 411 412 
3 
409 410 412 
3 
409 410 411 
7 
414 415 416 535 536 561 564 
10 
413 415 416 535 561 562 563 564 965 968 
6 
413 414 416 563 564 968 
4 
413 414 415 564 
3 
418 419 420 
4 
237 417 419 420 
4 
240 417 418 420 
3 
417 418 419 
5 
422 423 424 883 884 
5 
88 421 423 424 883 
3 
421 422 424 
3 
421 422 423 
3 
426 427 428 
3 
425 427 428 
3 
425 426 428 
3 
425 426 427 
7 
430 431 432 453 454 455 456 
5 
429 431 432 454 455 
4 
429 430 432 455 
6 
429 430 431 455 456 834 
3 
434 435 436 
3 
433 435 436 
3 
433 434 436 
3 
433 434 435 
4 
30 438 439 440 
3 
437 439 440 
3 
437 438 440 
5 
30 31 437 438 439 
5 
442 443 444 813 816 
7 
441 443 444 813 814 815 816 
5 
441 442 444 815 816 
4 
441 442 443 816 
5 
446 447 448 589 590 
4 
445 447 448 590 
8 
229 230 445 446 448 590 591 937 
8 
229 445 446 447 589 590 591 592 
5 
450 451 452 655 656 
4 
449 451 452 655 
3 
449 450 452 
3 
449 450 451 
4 
429 454 455 456 
5 
429 430 453 455 456 
7 
429 430 431 432 453 454 456 
5 
429 432 453 454 455 
3 
458 459 460 
4 
121 457 459 460 
5 
121 124 457 458 460 
3 
457 458 459 
8 
462 463 464 506 507 858 994 995 
3 
461 463 464 
3 
461 462 464 
7 
461 462 463 507 858 859 995 
6 
112 466 467 468 538 658 
7 
111 112 221 224 465 467 468 
4 
224 465 466 468 
7 
465 466 467 538 539 658 659 
3 
470 471 472 
3 
469 471 472 
3 
469 470 472 
3 
469 470 471 
3 
474 475 476 
3 
473 475 476 
3 
473 474 476 
4 
473 474 475 982 
3 
478 479 480 
3 
477 479 480 
3 
477 478 480 
3 
477 478 479 
3 
482 483 484 
3 
481 483 484 
3 
481 482 484 
3 
481 482 483 
4 
486 487 488 725 
5 
485 487 488 725 726 
7 
485 486 488 725 726 727 728 
5 
485 486 487 725 728 
3 
490 491 492 
4 
16 489 491 492 
3 
489 490 492 
4 
489 490 491 678 
5 
117 118 494 495 496 
4 
118 493 495 496 
5 
118 119 493 494 496 
8 
117 118 119 120 493 494 495 694 
5 
189 192 498 499 500 
7 
189 190 191 192 497 499 500 
7 
141 191 192 350 497 498 500 
6 
192 349 350 497 498 499 
3 
502 503 504 
3 
501 503 504 
3 
501 502 504 
3 
501 502 503 
4 
506 507 508 993 
6 
461 505 507 508 993 994 
11 
461 464 505 506 508 857 858 993 994 995 996 
6 
505 506 507 857 993 996 
3 
510 511 512 
3 
509 511 512 
3 
509 510 512 
3 
509 510 511 
3 
514 515 516 
4 
513 515 516 724 
4 
90 513 514 516 
5 
89 90 513 514 515 
3 
518 519 520 
3 
517 519 520 
3 
517 518 520 
3 
517 518 519 
3 
522 523 524 
3 
521 523 524 
4 
209 521 522 524 
3 
521 522 523 
3 
526 527 528 
3 
525 527 528 
3 
525 526 528 
3 
525 526 527 
7 
283 530 531 532 700 753 756 
9 
529 531 532 699 700 753 754 755 756 
5 
529 530 532 755 756 
4 
529 530 531 756 
3 
534 535 536 
3 
533 535 536 
6 
413 414 533 534 536 561 
4 
413 533 534 535 
9 
161 162 163 164 538 539 540 657 658 
8 
162 163 465 468 537 539 540 658 
7 
163 468 537 538 540 658 659 
9 
163 164 537 538 539 657 658 659 660 
8 
542 543 544 565 597 598 599 600 
7 
541 543 544 565 566 598 599 
8 
541 542 544 565 566 567 568 599 
7 
541 542 543 565 568 599 600 
3 
546 547 548 
3 
545 547 548 
3 
545 546 548 
3 
545 546 547 
5 
550 551 552 677 680 
7 
549 551 552 677 678 679 680 
5 
549 550 552 679 680 
4 
549 550 551 680 
3 
554 555 556 
5 
553 555 556 969 972 
4 
553 554 556 972 
3 
553 554 555 
5 
125 126 558 559 560 
5 
126 364 557 559 560 
7 
126 127 557 558 560 805 806 
8 
125 126 127 128 557 558 559 805 
6 
413 414 535 562 563 564 
6 
414 561 563 564 965 968 
6 
414 415 561 562 564 968 
7 
413 414 415 416 561 562 563 
9 
541 542 543 544 566 567 568 598 599 
5 
542 543 565 567 568 
4 
543 565 566 568 
6 
543 544 565 566 567 599 
5 
570 571 572 897 900 
7 
569 571 572 897 898 899 900 
5 
569 570 572 899 900 
4 
569 570 571 900 
3 
574 575 576 
3 
573 575 576 
3 
573 574 576 
3 
573 574 575 
5 
79 80 578 579 580 
4 
79 577 579 580 
3 
577 578 580 
3 
577 578 579 
5 
166 167 582 583 584 
3 
581 583 584 
3 
581 582 584 
4 
167 581 582 583 
4 
586 587 588 739 
3 
585 587 588 
3 
585 586 588 
3 
585 586 587 
6 
229 445 448 590 591 592 
9 
229 230 445 446 447 448 589 591 592 
10 
110 229 230 231 232 447 448 589 590 592 
8 
109 110 229 232 448 589 590 591 
3 
594 595 596 
3 
593 595 596 
3 
593 594 596 
3 
593 594 595 
4 
541 598 599 600 
6 
541 542 565 597 599 600 
9 
541 542 543 544 565 568 597 598 600 
5 
541 544 597 598 599 
3 
602 603 604 
3 
601 603 604 
5 
281 282 601 602 604 
4 
281 601 602 603 
3 
606 607 608 
3 
605 607 608 
3 
605 606 608 
3 
605 606 607 
3 
610 611 612 
3 
609 611 612 
3 
609 610 612 
3 
609 610 611 
3 
614 615 616 
3 
613 615 616 
3 
613 614 616 
3 
613 614 615 
3 
618 619 620 
3 
617 619 620 
3 
617 618 620 
3 
617 618 619 
3 
622 623 624 
3 
621 623 624 
4 
621 622 624 662 
5 
621 622 623 661 662 
3 
626 627 628 
3 
625 627 628 
3 
625 626 628 
3 
625 626 627 
3 
630 631 632 
3 
629 631 632 
4 
629 630 632 785 
3 
629 630 631 
4 
286 634 635 636 
3 
633 635 636 
3 
633 634 636 
5 
286 287 633 634 635 
3 
638 639 640 
3 
637 639 640 
3 
637 638 640 
3 
637 638 639 
3 
642 643 644 
3 
641 643 644 
3 
641 642 644 
3 
641 642 643 
3 
646 647 648 
3 
645 647 648 
3 
645 646 648 
3 
645 646 647 
7 
193 194 650 651 652 797 800 
6 
194 649 651 652 798 799 
7 
194 195 258 649 650 652 799 
10 
193 194 195 196 257 258 649 650 651 800 
3 
654 655 656 
3 
653 655 656 
5 
449 450 653 654 656 
4 
449 653 654 655 
7 
163 164 537 540 658 659 660 
10 
163 465 468 537 538 539 540 657 659 660 
6 
468 539 540 657 658 660 
4 
540 657 658 659 
4 
624 662 663 664 
5 
623 624 661 663 664 
3 
661 662 664 
3 
661 662 663 
6 
326 666 667 668 983 984 
4 
665 667 668 983 
3 
665 666 668 
5 
326 327 665 666 667 
4 
246 670 671 672 
3 
669 671 672 
3 
669 670 672 
5 
246 247 669 670 671 
3 
674 675 676 
3 
673 675 676 
3 
673 674 676 
3 
673 674 675 
5 
549 550 678 679 680 
5 
492 550 677 679 680 
5 
550 551 677 678 680 
7 
549 550 551 552 677 678 679 
3 
682 683 684 
3 
681 683 684 
3 
681 682 684 
3 
681 682 683 
3 
686 687 688 
3 
685 687 688 
3 
685 686 688 
3 
685 686 687 
3 
690 691 692 
3 
689 691 692 
3 
689 690 692 
3 
689 690 691 
6 
11 117 120 694 695 696 
9 
117 118 119 120 496 693 695 696 761 
7 
119 120 693 694 696 761 764 
4 
120 693 694 695 
5 
698 699 700 753 754 
5 
697 699 700 754 833 
8 
530 697 698 700 754 755 833 836 
9 
529 530 697 698 699 753 754 755 756 
5 
73 74 702 703 704 
4 
74 701 703 704 
4 
75 701 702 704 
5 
75 76 701 702 703 
4 
72 706 707 708 
6 
71 72 84 705 707 708 
4 
705 706 708 749 
3 
705 706 707 
3 
710 711 712 
3 
709 711 712 
3 
709 710 712 
3 
709 710 711 
4 
336 714 715 716 
5 
335 336 713 715 716 
3 
713 714 716 
3 
713 714 715 
3 
718 719 720 
3 
717 719 720 
3 
717 718 720 
3 
717 718 719 
3 
722 723 724 
3 
721 723 724 
3 
721 722 724 
4 
514 721 722 723 
7 
485 486 487 488 726 727 728 
5 
486 487 725 727 728 
4 
487 725 726 728 
5 
487 488 725 726 727 
4 
188 730 731 732 
5 
187 188 729 731 732 
3 
729 730 732 
3 
729 730 731 
5 
198 199 734 735 736 
4 
733 735 736 892 
3 
733 734 736 
4 
199 733 734 735 
5 
205 206 738 739 740 
4 
206 737 739 740 
6 
206 207 585 737 738 740 
7 
205 206 207 208 737 738 739 
3 
742 743 744 
3 
741 743 744 
3 
741 742 744 
3 
741 742 743 
5 
36 746 747 748 986 
6 
35 36 389 745 747 748 
5 
389 392 745 746 748 
4 
745 746 747 987 
4 
707 750 751 752 
4 
328 749 751 752 
3 
749 750 752 
3 
749 750 751 
7 
529 530 697 700 754 755 756 
8 
530 697 698 699 700 753 755 756 
7 
530 531 699 700 753 754 756 
8 
529 530 531 532 700 753 754 755 
5 
263 264 758 759 760 
4 
263 757 759 760 
3 
757 758 760 
3 
757 758 759 
7 
119 120 694 695 762 763 764 
4 
119 761 763 764 
3 
761 762 764 
4 
695 761 762 763 
4 
766 767 768 920 
5 
765 767 768 919 920 
3 
765 766 768 
3 
765 766 767 
3 
770 771 772 
3 
769 771 772 
3 
769 770 772 
3 
769 770 771 
3 
774 775 776 
3 
773 775 776 
3 
773 774 776 
3 
773 774 775 
3 
778 779 780 
3 
777 779 780 
3 
777 778 780 
3 
777 778 779 
3 
782 783 784 
3 
781 783 784 
3 
781 782 784 
3 
781 782 783 
4 
631 786 787 788 
3 
785 787 788 
3 
785 786 788 
3 
785 786 787 
3 
790 791 792 
3 
789 791 792 
3 
789 790 792 
3 
789 790 791 
5 
794 795 796 977 978 
4 
793 795 796 978 
5 
793 794 796 978 979 
7 
793 794 795 977 978 979 980 
6 
193 194 649 798 799 800 
5 
194 650 797 799 800 
8 
194 195 258 650 651 797 798 800 
11 
193 194 195 196 257 258 649 652 797 798 799 
3 
802 803 804 
3 
801 803 804 
3 
801 802 804 
3 
801 802 803 
7 
127 128 559 560 806 807 808 
5 
127 559 805 807 808 
3 
805 806 808 
3 
805 806 807 
3 
810 811 812 
3 
809 811 812 
3 
809 810 812 
3 
809 810 811 
5 
441 442 814 815 816 
4 
442 813 815 816 
5 
442 443 813 814 816 
7 
441 442 443 444 813 814 815 
3 
818 819 820 
3 
817 819 820 
4 
21 817 818 820 
4 
817 818 819 998 
3 
822 823 824 
6 
265 268 341 821 823 824 
6 
268 341 344 821 822 824 
3 
821 822 823 
3 
826 827 828 
3 
825 827 828 
3 
825 826 828 
3 
825 826 827 
4 
152 830 831 832 
5 
151 152 829 831 832 
3 
829 830 832 
3 
829 830 831 
5 
698 699 834 835 836 
4 
432 833 835 836 
3 
833 834 836 
4 
699 833 834 835 
3 
838 839 840 
3 
837 839 840 
3 
837 838 840 
3 
837 838 839 
4 
842 843 844 988 
5 
841 843 844 987 988 
3 
841 842 844 
3 
841 842 843 
3 
846 847 848 
3 
845 847 848 
3 
845 846 848 
3 
845 846 847 
3 
850 851 852 
4 
849 851 852 905 
4 
849 850 852 908 
3 
849 850 851 
7 
381 382 383 384 854 855 856 
5 
382 383 853 855 856 
4 
383 853 854 856 
5 
383 384 853 854 855 
7 
507 508 858 859 860 995 996 
7 
461 464 507 857 859 860 995 
4 
464 857 858 860 
3 
857 858 859 
4 
62 862 863 864 
3 
861 863 864 
3 
861 862 864 
5 
62 63 861 862 863 
4 
216 866 867 868 
5 
215 216 865 867 868 
3 
865 866 868 
3 
865 866 867 
3 
870 871 872 
3 
869 871 872 
3 
869 870 872 
3 
869 870 871 
3 
874 875 876 
3 
873 875 876 
3 
873 874 876 
3 
873 874 875 
3 
878 879 880 
3 
877 879 880 
3 
877 878 880 
3 
877 878 879 
3 
882 883 884 
4 
85 881 883 884 
7 
85 88 421 422 881 882 884 
4 
421 881 882 883 
3 
886 887 888 
3 
885 887 888 
3 
885 886 888 
3 
885 886 887 
3 
890 891 892 
4 
8 889 891 892 
3 
889 890 892 
4 
734 889 890 891 
5 
894 895 896 931 932 
4 
893 895 896 931 
3 
893 894 896 
3 
893 894 895 
5 
569 570 898 899 900 
4 
570 897 899 900 
5 
570 571 897 898 900 
7 
569 570 571 572 897 898 899 
3 
902 903 904 
3 
901 903 904 
4 
901 902 904 957 
3 
901 902 903 
4 
850 906 907 908 
3 
905 907 908 
3 
905 906 908 
4 
851 905 906 907 
5 
910 911 912 959 960 
4 
909 911 912 959 
3 
909 910 912 
3 
909 910 911 
5 
301 302 914 915 916 
6 
53 56 302 913 915 916 
7 
56 277 302 303 913 914 916 
7 
301 302 303 304 913 914 915 
3 
918 919 920 
3 
917 919 920 
4 
766 917 918 920 
5 
765 766 917 918 919 
3 
922 923 924 
3 
921 923 924 
3 
921 922 924 
3 
921 922 923 
3 
926 927 928 
3 
925 927 928 
3 
925 926 928 
3 
925 926 927 
4 
376 930 931 932 
5 
375 376 929 931 932 
5 
893 894 929 930 932 
4 
893 929 930 931 
3 
934 935 936 
3 
933 935 936 
3 
933 934 936 
4 
130 933 934 935 
7 
222 230 231 447 938 939 940 
4 
57 937 939 940 
5 
57 60 937 938 940 
6 
222 223 231 937 938 939 
5 
287 288 942 943 944 
4 
287 941 943 944 
3 
941 942 944 
3 
941 942 943 
5 
305 306 946 947 948 
4 
306 945 947 948 
5 
306 307 945 946 948 
7 
305 306 307 308 945 946 947 
9 
173 174 175 176 201 204 950 951 952 
9 
174 175 201 202 203 204 949 951 952 
6 
175 203 204 949 950 952 
7 
134 175 176 204 949 950 951 
3 
954 955 956 
3 
953 955 956 
3 
953 954 956 
3 
953 954 955 
4 
903 958 959 960 
3 
957 959 960 
5 
909 910 957 958 960 
4 
909 957 958 959 
7 
235 236 339 340 962 963 964 
5 
235 339 961 963 964 
3 
961 962 964 
3 
961 962 963 
5 
414 562 966 967 968 
3 
965 967 968 
3 
965 966 968 
7 
414 415 562 563 965 966 967 
4 
554 970 971 972 
3 
969 971 972 
3 
969 970 972 
5 
554 555 969 970 971 
4 
147 974 975 976 
3 
973 975 976 
3 
973 974 976 
3 
973 974 975 
5 
793 796 978 979 980 
7 
793 794 795 796 977 979 980 
5 
795 796 977 978 980 
4 
796 977 978 979 
3 
982 983 984 
4 
476 981 983 984 
5 
665 666 981 982 984 
4 
665 981 982 983 
3 
986 987 988 
5 
36 745 985 987 988 
5 
748 842 985 986 988 
5 
841 842 985 986 987 
3 
990 991 992 
3 
989 991 992 
3 
989 990 992 
3 
989 990 991 
7 
505 506 507 508 994 995 996 
6 
461 506 507 993 995 996 
8 
461 464 507 857 858 993 994 996 
6 
507 508 857 993 994 995 
5 
227 228 998 999 1000 
5 
227 820 997 999 1000 
3 
997 998 1000 
4 
102 997 998 999 