500 
4 
3 
2 3 4 
3 
1 3 4 
3 
1 2 4 
3 
1 2 3 
3 
6 7 8 
4 
5 7 8 1425 
4 
5 6 8 1428 
3 
5 6 7 
3 
10 11 12 
4 
9 11 12 1440 
3 
9 10 12 
3 
9 10 11 
6 
14 15 16 555 1579 1580 
6 
13 15 16 1049 1052 1579 
4 
13 14 16 1052 
3 
13 14 15 
5 
18 19 20 328 908 
7 
17 19 20 327 328 907 908 
5 
17 18 20 1905 1906 
4 
17 18 19 1905 
10 
22 23 24 245 1573 1574 1575 1576 1945 1946 
8 
21 23 24 245 246 1574 1575 1946 
10 
21 22 24 245 246 247 248 1575 1946 1947 
11 
21 22 23 245 248 1575 1576 1945 1946 1947 1948 
3 
26 27 28 
6 
25 27 28 473 1373 1376 
5 
25 26 28 476 1376 
3 
25 26 27 
4 
30 31 32 1144 
8 
29 31 32 125 1143 1144 1152 1177 
6 
29 30 32 128 1180 1205 
4 
29 30 31 1630 
5 
34 35 36 781 782 
5 
33 35 36 782 1117 
6 
33 34 36 782 783 1120 
8 
33 34 35 781 782 783 784 1722 
6 
38 39 40 420 1333 1334 
6 
37 39 40 419 420 1334 
4 
37 38 40 1335 
5 
37 38 39 1335 1336 
4 
42 43 44 52 
5 
41 43 44 51 52 
3 
41 42 44 
3 
41 42 43 
5 
46 47 48 1377 1380 
7 
45 47 48 1377 1378 1379 1380 
5 
45 46 48 1379 1380 
4 
45 46 47 1380 
3 
50 51 52 
3 
49 51 52 
4 
42 49 50 52 
5 
41 42 49 50 51 
9 
54 55 56 211 212 1310 1311 1830 1831 
4 
53 55 56 211 
3 
53 54 56 
5 
53 54 55 1311 1831 
6 
58 59 60 101 689 692 
9 
57 59 60 101 102 689 690 691 692 
9 
57 58 60 101 102 103 104 691 692 
6 
57 58 59 101 104 692 
5 
62 63 64 399 400 
4 
61 63 64 399 
3 
61 62 64 
3 
61 62 63 
4 
66 67 68 1932 
5 
65 67 68 1931 1932 
7 
65 66 68 725 726 1537 1538 
6 
65 66 67 725 1537 1862 
3 
70 71 72 
4 
69 71 72 1953 
5 
69 70 72 1953 1956 
3 
69 70 71 
4 
74 75 76 1884 
8 
73 75 76 944 1001 1004 1883 1884 
4 
73 74 76 1004 
3 
73 74 75 
3 
78 79 80 
4 
77 79 80 1645 
5 
77 78 80 1645 1648 
3 
77 78 79 
7 
82 83 84 1865 1866 1867 1868 
5 
81 83 84 1866 1867 
4 
81 82 84 1867 
5 
81 82 83 1867 1868 
3 
86 87 88 
3 
85 87 88 
4 
85 86 88 1753 
3 
85 86 87 
10 
90 91 92 651 652 861 864 885 886 1835 
9 
89 91 92 651 861 862 863 864 886 
7 
89 90 92 863 864 886 887 
8 
89 90 91 864 885 886 887 888 
9 
94 95 96 189 190 191 192 736 1739 
8 
93 95 96 190 191 735 736 853 
6 
93 94 96 191 853 856 
5 
93 94 95 191 192 
3 
98 99 100 
3 
97 99 100 
4 
97 98 100 670 
5 
97 98 99 669 670 
9 
57 58 59 60 102 103 104 689 692 
9 
58 59 101 103 104 689 690 691 692 
6 
59 101 102 104 691 692 
6 
59 60 101 102 103 692 
3 
106 107 108 
3 
105 107 108 
4 
105 106 108 498 
5 
105 106 107 497 498 
9 
110 111 112 421 422 423 424 640 1009 
10 
109 111 112 422 423 452 639 640 1009 1010 
8 
109 110 112 423 1009 1010 1011 1012 
7 
109 110 111 423 424 1009 1012 
6 
114 115 116 238 1845 1848 
7 
113 115 116 1845 1846 1847 1848 
6 
113 114 116 1813 1847 1848 
6 
113 114 115 238 239 1848 
5 
118 119 120 961 962 
5 
117 119 120 962 1356 
5 
117 118 120 962 963 
7 
117 118 119 961 962 963 964 
8 
122 123 124 525 526 527 528 581 
7 
121 123 124 526 527 581 582 
9 
121 122 124 527 581 582 583 584 1046 
9 
121 122 123 527 528 581 584 1045 1046 
8 
30 126 127 128 1143 1144 1152 1177 
8 
125 127 128 1143 1151 1152 1177 1178 
9 
125 126 128 1177 1178 1179 1180 1205 1206 
7 
31 125 126 127 1177 1180 1205 
6 
130 131 132 333 1647 1648 
6 
129 131 132 333 334 1647 
7 
129 130 132 333 334 335 336 
5 
129 130 131 333 336 
3 
134 135 136 
3 
133 135 136 
3 
133 134 136 
3 
133 134 135 
5 
138 139 140 590 591 
3 
137 139 140 
4 
137 138 140 1274 
6 
137 138 139 591 1273 1274 
7 
142 143 144 265 266 1441 1444 
9 
141 143 144 266 1065 1441 1442 1443 1444 
10 
141 142 144 266 267 1065 1068 1081 1443 1444 
9 
141 142 143 265 266 267 268 1114 1444 
6 
146 147 148 351 352 1689 
6 
145 147 148 351 1689 1690 
7 
145 146 148 1689 1690 1691 1692 
6 
145 146 147 1689 1692 1846 
7 
150 151 152 641 642 1621 1624 
8 
149 151 152 642 1621 1622 1623 1624 
9 
149 150 152 629 642 643 682 1623 1624 
10 
149 150 151 641 642 643 644 681 682 1624 
6 
154 155 156 1603 1604 1639 
5 
153 155 156 253 1603 
6 
153 154 156 253 256 1106 
5 
153 154 155 1105 1106 
4 
158 159 160 221 
7 
157 159 160 221 222 685 688 
9 
157 158 160 221 222 223 224 434 688 
7 
157 158 159 221 224 433 434 
4 
162 163 164 1593 
5 
161 163 164 1593 1594 
7 
161 162 164 1593 1594 1595 1596 
6 
161 162 163 1130 1593 1596 
4 
166 167 168 589 
5 
165 167 168 589 590 
7 
165 166 168 589 590 591 592 
5 
165 166 167 589 592 
3 
170 171 172 
3 
169 171 172 
5 
169 170 172 1913 1914 
5 
169 170 171 754 1913 
13 
174 175 176 215 216 355 356 791 792 1249 1250 1251 1252 
10 
173 175 176 215 305 308 355 791 1250 1251 
5 
173 174 176 308 1251 
6 
173 174 175 1251 1252 1422 
4 
178 179 180 182 
4 
177 179 180 1432 
4 
177 178 180 1033 
6 
177 178 179 182 183 954 
5 
182 183 184 953 954 
6 
177 180 181 183 184 954 
6 
180 181 182 184 954 955 
7 
181 182 183 953 954 955 956 
6 
186 187 188 273 1569 1572 
9 
185 187 188 273 274 1569 1570 1571 1572 
11 
185 186 188 275 276 541 542 889 890 1571 1572 
7 
185 186 187 276 541 889 1572 
9 
93 190 191 192 418 419 736 1739 1740 
8 
93 94 189 191 192 735 736 1739 
7 
93 94 95 96 189 190 192 
6 
93 96 189 190 191 419 
4 
194 195 196 1818 
3 
193 195 196 
3 
193 194 196 
5 
193 194 195 1818 1819 
3 
198 199 200 
3 
197 199 200 
3 
197 198 200 
3 
197 198 199 
5 
202 203 204 259 1141 
6 
201 203 204 1141 1142 1149 
9 
201 202 204 1141 1142 1143 1144 1149 1152 
5 
201 202 203 1141 1144 
4 
206 207 208 1313 
5 
205 207 208 1313 1314 
9 
205 206 208 1234 1313 1314 1315 1316 1746 
9 
205 206 207 1233 1234 1313 1316 1745 1746 
7 
210 211 212 1329 1330 1331 1332 
5 
209 211 212 1330 1331 
6 
53 54 209 210 212 1331 
8 
53 209 210 211 1310 1331 1332 1830 
7 
214 215 216 353 354 789 790 
5 
213 215 216 354 790 
10 
173 174 213 214 216 305 354 355 791 1250 
12 
173 213 214 215 353 354 355 356 791 792 1249 1250 
7 
218 219 220 1047 1048 1761 1762 
5 
217 219 220 1047 1762 
7 
217 218 220 1762 1763 1993 1994 
9 
217 218 219 446 1761 1762 1763 1764 1993 
9 
157 158 159 160 222 223 224 685 688 
9 
158 159 221 223 224 685 686 687 688 
6 
159 221 222 224 687 688 
7 
159 160 221 222 223 434 688 
4 
226 227 228 809 
5 
225 227 228 809 810 
8 
225 226 228 809 810 811 812 1038 
7 
225 226 227 809 812 934 1037 
9 
230 231 232 1021 1022 1023 1024 1341 1342 
7 
229 231 232 696 1022 1023 1342 
8 
229 230 232 1023 1342 1343 1949 1950 
11 
229 230 231 1023 1024 1341 1342 1343 1344 1354 1949 
4 
234 235 236 247 
7 
233 235 236 285 288 1524 1696 
4 
233 234 236 288 
3 
233 234 235 
5 
238 239 240 1034 1035 
5 
113 116 237 239 240 
4 
116 237 238 240 
4 
237 238 239 1035 
6 
242 243 244 321 1447 1448 
6 
241 243 244 321 322 1447 
7 
241 242 244 321 322 323 324 
5 
241 242 243 321 324 
11 
21 22 23 24 246 247 248 1575 1576 1946 1947 
6 
22 23 245 247 248 1575 
5 
23 233 245 246 248 
6 
23 24 245 246 247 1947 
5 
250 251 252 342 343 
3 
249 251 252 
5 
249 250 252 1517 1518 
5 
249 250 251 343 1517 
6 
154 155 254 255 256 1106 
5 
253 255 256 312 981 
6 
253 254 256 981 984 1889 
6 
155 253 254 255 1106 1107 
3 
258 259 260 
3 
257 259 260 
4 
201 257 258 260 
3 
257 258 259 
4 
262 263 264 841 
5 
261 263 264 841 842 
7 
261 262 264 841 842 843 844 
5 
261 262 263 841 844 
7 
141 144 266 267 268 1318 1444 
9 
141 142 143 144 265 267 268 1443 1444 
6 
143 144 265 266 268 1114 
8 
144 265 266 267 1113 1114 1318 1319 
5 
270 271 272 480 761 
8 
269 271 272 479 480 761 762 1029 
8 
269 270 272 763 764 1029 1032 1702 
6 
269 270 271 764 1674 1701 
7 
185 186 274 275 276 1569 1572 
7 
186 273 275 276 1124 1570 1571 
7 
187 273 274 276 541 542 1571 
7 
187 188 273 274 275 541 1572 
7 
278 279 280 289 290 291 292 
5 
277 279 280 290 291 
4 
277 278 280 291 
5 
277 278 279 291 292 
10 
282 283 284 329 332 755 1565 1566 1915 1916 
9 
281 283 284 329 330 331 332 1566 1915 
6 
281 282 284 331 332 1567 
6 
281 282 283 332 1567 1568 
8 
234 286 287 288 1523 1524 1695 1696 
5 
285 287 288 1523 1695 
3 
285 286 288 
5 
234 235 285 286 287 
4 
277 290 291 292 
5 
277 278 289 291 292 
7 
277 278 279 280 289 290 292 
5 
277 280 289 290 291 
7 
294 295 296 443 444 930 931 
4 
293 295 296 443 
3 
293 294 296 
4 
293 294 295 931 
3 
298 299 300 
4 
297 299 300 1288 
3 
297 298 300 
3 
297 298 299 
8 
302 303 304 543 544 614 891 892 
5 
301 303 304 543 891 
3 
301 302 304 
5 
301 302 303 614 615 
5 
174 215 306 307 308 
3 
305 307 308 
3 
305 306 308 
5 
174 175 305 306 307 
3 
310 311 312 
3 
309 311 312 
5 
309 310 312 981 982 
5 
254 309 310 311 981 
3 
314 315 316 
3 
313 315 316 
3 
313 314 316 
3 
313 314 315 
4 
318 319 320 1201 
5 
317 319 320 1201 1202 
7 
317 318 320 1201 1202 1203 1204 
5 
317 318 319 1201 1204 
8 
241 242 243 244 322 323 324 1447 
6 
242 243 321 323 324 1509 
6 
243 321 322 324 1509 1512 
5 
243 244 321 322 323 
7 
326 327 328 905 906 907 908 
5 
325 327 328 906 907 
5 
18 325 326 328 907 
7 
17 18 325 326 327 907 908 
8 
281 282 330 331 332 1566 1915 1916 
5 
282 329 331 332 1915 
5 
282 283 329 330 332 
9 
281 282 283 284 329 330 331 1566 1567 
8 
129 130 131 132 334 335 336 1647 
7 
130 131 333 335 336 445 448 
5 
131 333 334 336 448 
5 
131 132 333 334 335 
4 
338 339 340 1053 
6 
337 339 340 1053 1054 1816 
7 
337 338 340 1053 1054 1055 1056 
5 
337 338 339 1053 1056 
3 
342 343 344 
4 
249 341 343 344 
5 
249 252 341 342 344 
5 
341 342 343 1662 1970 
6 
346 347 348 409 1558 1772 
10 
345 347 348 410 1476 1501 1597 1771 1772 1789 
11 
345 346 348 410 411 1501 1504 1597 1600 1789 1792 
7 
345 346 347 409 412 1558 1559 
3 
350 351 352 
3 
349 351 352 
7 
145 146 349 350 352 1689 1690 
5 
145 349 350 351 1689 
7 
213 216 354 355 356 789 792 
11 
213 214 215 216 353 355 356 789 790 791 792 
11 
173 174 215 216 353 354 356 791 792 1249 1250 
7 
173 216 353 354 355 792 1249 
4 
358 359 360 1325 
5 
357 359 360 1325 1326 
5 
357 358 360 1327 1328 
4 
357 358 359 1328 
3 
362 363 364 
3 
361 363 364 
3 
361 362 364 
3 
361 362 363 
5 
366 367 368 603 604 
5 
365 367 368 603 1360 
3 
365 366 368 
3 
365 366 367 
3 
370 371 372 
4 
369 371 372 856 
4 
369 370 372 1217 
4 
369 370 371 1190 
5 
374 375 376 623 624 
4 
373 375 376 623 
3 
373 374 376 
3 
373 374 375 
5 
378 379 380 751 752 
4 
377 379 380 751 
3 
377 378 380 
3 
377 378 379 
4 
382 383 384 1232 
5 
381 383 384 1231 1232 
4 
381 382 384 1857 
3 
381 382 383 
3 
386 387 388 
5 
385 387 388 437 440 
4 
385 386 388 440 
3 
385 386 387 
3 
390 391 392 
5 
389 391 392 617 620 
4 
389 390 392 620 
3 
389 390 391 
4 
394 395 396 848 
7 
393 395 396 847 848 1633 1636 
4 
393 394 396 1636 
3 
393 394 395 
3 
398 399 400 
3 
397 399 400 
5 
61 62 397 398 400 
4 
61 397 398 399 
5 
402 403 404 1129 1657 
8 
401 403 404 537 1129 1130 1657 1658 
12 
401 402 404 537 540 1129 1130 1131 1132 1659 1660 1918 
8 
401 402 403 1129 1132 1660 1917 1918 
7 
406 407 408 1584 1627 1979 1980 
6 
405 407 408 1583 1584 1979 
3 
405 406 408 
4 
405 406 407 1262 
7 
345 348 410 411 412 1558 1772 
11 
346 347 409 411 412 1476 1501 1597 1771 1772 1789 
8 
347 409 410 412 1504 1600 1789 1792 
5 
348 409 410 411 1559 
7 
414 415 416 938 1074 1253 1254 
4 
413 415 416 1254 
7 
413 414 416 593 594 1254 1255 
12 
413 414 415 593 938 939 1074 1075 1253 1254 1255 1256 
3 
418 419 420 
5 
189 417 419 420 1740 
6 
38 189 192 417 418 420 
6 
37 38 417 418 419 1334 
4 
109 422 423 424 
8 
109 110 421 423 424 449 452 640 
10 
109 110 111 112 421 422 424 452 1009 1010 
6 
109 112 421 422 423 1009 
3 
426 427 428 
3 
425 427 428 
3 
425 426 428 
3 
425 426 427 
5 
430 431 432 1563 1564 
4 
429 431 432 1563 
4 
429 430 432 1078 
5 
429 430 431 1077 1078 
4 
160 434 435 436 
6 
159 160 224 433 435 436 
3 
433 434 436 
3 
433 434 435 
6 
386 438 439 440 501 1456 
9 
437 439 440 501 502 748 749 1455 1456 
7 
437 438 440 503 504 749 752 
6 
386 387 437 438 439 504 
4 
442 443 444 1219 
3 
441 443 444 
5 
293 294 441 442 444 
5 
293 441 442 443 930 
6 
334 446 447 448 1761 1764 
8 
220 445 447 448 1761 1762 1763 1764 
7 
445 446 448 829 830 1763 1764 
7 
334 335 445 446 447 829 1764 
8 
422 450 451 452 637 638 639 640 
5 
449 451 452 638 639 
4 
449 450 452 639 
8 
110 422 423 449 450 451 639 640 
3 
454 455 456 
3 
453 455 456 
3 
453 454 456 
3 
453 454 455 
4 
458 459 460 1458 
4 
457 459 460 1176 
4 
457 458 460 1781 
5 
457 458 459 1458 1459 
4 
462 463 464 794 
3 
461 463 464 
3 
461 462 464 
5 
461 462 463 794 795 
3 
466 467 468 
3 
465 467 468 
3 
465 466 468 
3 
465 466 467 
7 
470 471 472 1381 1382 1383 1384 
5 
469 471 472 1382 1383 
4 
469 470 472 1383 
5 
469 470 471 1383 1384 
8 
26 474 475 476 1109 1112 1373 1374 
8 
473 475 476 1109 1110 1111 1112 1374 
6 
473 474 476 1111 1112 1375 
7 
27 473 474 475 1112 1375 1376 
3 
478 479 480 
5 
477 479 480 1616 1688 
7 
270 477 478 480 762 1029 1030 
8 
269 270 477 478 479 761 762 1029 
5 
482 483 484 1405 1406 
7 
481 483 484 524 777 780 1406 
6 
481 482 484 780 1406 1407 
7 
481 482 483 1405 1406 1407 1408 
7 
486 487 488 973 976 1306 1307 
7 
485 487 488 973 974 975 976 
6 
485 486 488 975 976 1146 
7 
485 486 487 976 1145 1146 1307 
3 
490 491 492 
4 
489 491 492 1637 
5 
489 490 492 1637 1640 
3 
489 490 491 
5 
494 495 496 914 915 
3 
493 495 496 
3 
493 494 496 
4 
493 494 495 915 
6 
108 498 499 500 1266 1479 
5 
107 108 497 499 500 
3 
497 498 500 
5 
497 498 499 1266 1267 
9 
437 438 502 503 504 748 749 1455 1456 
9 
438 501 503 504 747 748 749 750 1455 
8 
439 501 502 504 749 750 751 752 
7 
439 440 501 502 503 749 752 
3 
506 507 508 
4 
505 507 508 565 
4 
505 506 508 568 
3 
505 506 507 
6 
510 511 512 1269 1272 1338 
7 
509 511 512 1269 1270 1271 1272 
5 
509 510 512 1271 1272 
6 
509 510 511 1272 1338 1339 
7 
514 515 516 1697 1698 1699 1700 
5 
513 515 516 1698 1699 
4 
513 514 516 1699 
6 
513 514 515 634 1699 1700 
3 
518 519 520 
3 
517 519 520 
3 
517 518 520 
3 
517 518 519 
4 
522 523 524 777 
5 
521 523 524 777 778 
7 
521 522 524 777 778 779 780 
7 
482 521 522 523 777 780 1406 
4 
121 526 527 528 
5 
121 122 525 527 528 
9 
121 122 123 124 525 526 528 581 582 
6 
121 124 525 526 527 581 
5 
530 531 532 1464 1894 
5 
529 531 532 1463 1464 
3 
529 530 532 
5 
529 530 531 1894 1895 
7 
534 535 536 673 1361 1364 1544 
11 
533 535 536 673 674 1361 1362 1363 1364 1543 1544 
9 
533 534 536 673 674 675 676 1363 1364 
6 
533 534 535 673 676 1364 
12 
402 403 538 539 540 1129 1130 1131 1132 1658 1659 1918 
6 
537 539 540 1130 1131 1596 
5 
537 538 540 1085 1131 
9 
403 537 538 539 1131 1132 1659 1918 1919 
9 
187 188 275 276 542 543 544 889 890 
6 
187 275 541 543 544 890 
7 
301 302 541 542 544 890 891 
8 
301 541 542 543 889 890 891 892 
3 
546 547 548 
3 
545 547 548 
5 
545 546 548 1669 1670 
4 
545 546 547 1669 
4 
550 551 552 816 
7 
549 551 552 815 816 1257 1260 
6 
549 550 552 1260 1809 1810 
4 
549 550 551 1809 
3 
554 555 556 
4 
553 555 556 1577 
6 
13 553 554 556 1577 1580 
4 
553 554 555 1978 
3 
558 559 560 
4 
557 559 560 1324 
3 
557 558 560 
3 
557 558 559 
5 
562 563 564 1641 1644 
7 
561 563 564 1641 1642 1643 1644 
5 
561 562 564 1643 1644 
4 
561 562 563 1644 
4 
506 566 567 568 
3 
565 567 568 
4 
565 566 568 641 
4 
507 565 566 567 
4 
570 571 572 1025 
5 
569 571 572 1025 1026 
7 
569 570 572 1025 1026 1027 1028 
5 
569 570 571 1025 1028 
3 
574 575 576 
3 
573 575 576 
3 
573 574 576 
5 
573 574 575 710 1134 
7 
578 579 580 1741 1742 1743 1744 
7 
577 579 580 969 972 1742 1743 
5 
577 578 580 972 1743 
5 
577 578 579 1743 1744 
9 
121 122 123 124 527 528 582 583 584 
6 
122 123 527 581 583 584 
5 
123 581 582 584 1046 
7 
123 124 581 582 583 1045 1046 
9 
586 587 588 1273 1274 1275 1276 1922 1923 
5 
585 587 588 1274 1275 
7 
585 586 588 933 1275 1841 1842 
8 
585 586 587 882 1275 1276 1841 1923 
7 
165 166 167 168 590 591 592 
6 
137 166 167 589 591 592 
6 
137 140 167 589 590 592 
5 
167 168 589 590 591 
10 
415 416 594 595 596 938 939 1074 1075 1255 
4 
415 593 595 596 
3 
593 594 596 
5 
593 594 595 939 1075 
4 
598 599 600 740 
4 
597 599 600 739 
3 
597 598 600 
3 
597 598 599 
5 
602 603 604 823 824 
5 
601 603 604 823 1357 
7 
365 366 601 602 604 1357 1360 
4 
365 601 602 603 
7 
606 607 608 1449 1452 1513 1516 
13 
605 607 608 957 1449 1450 1451 1452 1513 1514 1515 1516 1620 
9 
605 606 608 957 960 1451 1452 1515 1516 
5 
605 606 607 1452 1516 
9 
610 611 612 949 950 951 952 1398 1399 
5 
609 611 612 950 951 
4 
609 610 612 951 
6 
609 610 611 951 952 1399 
3 
614 615 616 
5 
301 304 613 615 616 
6 
304 613 614 616 1677 1678 
4 
613 614 615 1677 
6 
390 618 619 620 1279 1280 
4 
617 619 620 1279 
3 
617 618 620 
5 
390 391 617 618 619 
4 
622 623 624 902 
3 
621 623 624 
5 
373 374 621 622 624 
6 
373 621 622 623 902 903 
5 
626 627 628 650 898 
3 
625 627 628 
4 
625 626 628 862 
9 
625 626 627 650 651 861 862 898 899 
12 
151 630 631 632 642 643 682 1389 1392 1885 1886 1973 
12 
629 631 632 1213 1216 1389 1390 1391 1392 1886 1973 1974 
12 
629 630 632 1216 1391 1392 1886 1887 1973 1974 1975 1976 
13 
629 630 631 643 682 683 1392 1885 1886 1887 1888 1973 1976 
3 
634 635 636 
4 
516 633 635 636 
3 
633 634 636 
4 
633 634 635 1170 
4 
449 638 639 640 
5 
449 450 637 639 640 
8 
110 449 450 451 452 637 638 640 
8 
109 110 422 449 452 637 638 639 
7 
149 152 567 642 643 644 681 
11 
149 150 151 152 629 641 643 644 681 682 1624 
12 
151 152 629 632 641 642 644 681 682 683 684 1885 
6 
152 641 642 643 681 684 
5 
646 647 648 721 724 
7 
645 647 648 721 722 723 724 
6 
645 646 648 677 723 724 
5 
645 646 647 724 1246 
8 
650 651 652 897 898 899 900 1834 
7 
625 628 649 651 652 898 899 
9 
89 90 628 649 650 652 861 886 899 
10 
89 649 650 651 885 886 899 900 1834 1835 
5 
654 655 656 1221 1222 
4 
653 655 656 1222 
6 
653 654 656 1222 1223 1381 
7 
653 654 655 1221 1222 1223 1224 
3 
658 659 660 
3 
657 659 660 
3 
657 658 660 
3 
657 658 659 
3 
662 663 664 
5 
661 663 664 1609 1612 
4 
661 662 664 1612 
3 
661 662 663 
3 
666 667 668 
3 
665 667 668 
3 
665 666 668 
4 
665 666 667 758 
4 
100 670 671 672 
5 
99 100 669 671 672 
5 
669 670 672 1317 1318 
4 
669 670 671 1317 
8 
533 534 535 536 674 675 676 1364 
7 
534 535 673 675 676 1363 1364 
5 
535 673 674 676 1497 
5 
535 536 673 674 675 
4 
647 678 679 680 
3 
677 679 680 
3 
677 678 680 
3 
677 678 679 
8 
152 641 642 643 644 682 683 684 
11 
151 152 629 632 642 643 681 683 684 1885 1973 
9 
632 643 681 682 684 1885 1888 1973 1976 
5 
643 644 681 682 683 
6 
158 221 222 686 687 688 
4 
222 685 687 688 
5 
222 223 685 686 688 
9 
158 159 221 222 223 224 685 686 687 
7 
57 58 101 102 690 691 692 
5 
58 102 689 691 692 
7 
58 59 102 103 689 690 692 
11 
57 58 59 60 101 102 103 104 689 690 691 
9 
694 695 696 1055 1056 1069 1070 1071 1072 
6 
693 695 696 1055 1070 1071 
4 
693 694 696 1071 
6 
230 693 694 695 1071 1072 
5 
698 699 700 1127 1128 
4 
697 699 700 1127 
3 
697 698 700 
3 
697 698 699 
11 
702 703 704 783 784 1061 1064 1209 1212 1722 1723 
12 
701 703 704 783 1061 1062 1063 1064 1209 1210 1211 1212 
7 
701 702 704 1063 1064 1211 1212 
6 
701 702 703 1064 1212 1723 
3 
706 707 708 
3 
705 707 708 
3 
705 706 708 
3 
705 706 707 
7 
710 711 712 1133 1134 1135 1136 
6 
576 709 711 712 1134 1135 
4 
709 710 712 1135 
5 
709 710 711 1135 1136 
5 
714 715 716 798 799 
3 
713 715 716 
3 
713 714 716 
4 
713 714 715 799 
5 
718 719 720 1919 1920 
4 
717 719 720 1919 
3 
717 718 720 
3 
717 718 719 
5 
645 646 722 723 724 
5 
646 721 723 724 1988 
5 
646 647 721 722 724 
8 
645 646 647 648 721 722 723 1246 
8 
67 68 726 727 728 1537 1862 1863 
7 
67 725 727 728 1537 1538 1681 
10 
725 726 728 985 1537 1538 1539 1540 1681 1684 
6 
725 726 727 1537 1540 1863 
3 
730 731 732 
3 
729 731 732 
3 
729 730 732 
3 
729 730 731 
5 
734 735 736 1738 1739 
5 
733 735 736 1013 1016 
6 
94 190 733 734 736 1016 
8 
93 94 189 190 733 734 735 1739 
7 
738 739 740 1014 1015 1018 1019 
3 
737 739 740 
4 
598 737 738 740 
6 
597 737 738 739 1015 1019 
5 
742 743 744 874 875 
3 
741 743 744 
3 
741 742 744 
4 
741 742 743 875 
5 
746 747 748 1454 1455 
3 
745 747 748 
5 
502 745 746 748 750 
8 
438 501 502 745 746 747 749 1455 
10 
438 439 501 502 503 504 748 750 751 752 
6 
502 503 747 749 751 752 
6 
377 378 503 749 750 752 
7 
377 439 503 504 749 750 751 
4 
754 755 756 1147 
5 
172 753 755 756 1913 
8 
281 753 754 756 1565 1566 1913 1916 
5 
753 754 755 806 1565 
3 
758 759 760 
4 
668 757 759 760 
3 
757 758 760 
4 
757 758 759 1878 
7 
269 270 480 762 763 764 1029 
8 
270 479 480 761 763 764 1029 1030 
9 
271 761 762 764 1029 1030 1031 1032 1702 
10 
271 272 761 762 763 1029 1032 1674 1701 1702 
3 
766 767 768 
3 
765 767 768 
3 
765 766 768 
3 
765 766 767 
3 
770 771 772 
3 
769 771 772 
3 
769 770 772 
3 
769 770 771 
3 
774 775 776 
3 
773 775 776 
3 
773 774 776 
3 
773 774 775 
8 
482 521 522 523 524 778 779 780 
5 
522 523 777 779 780 
4 
523 777 778 780 
8 
482 483 523 524 777 778 779 1406 
7 
33 36 782 783 784 1721 1722 
10 
33 34 35 36 781 783 784 1117 1120 1722 
13 
35 36 701 702 781 782 784 1061 1120 1209 1210 1722 1723 
10 
36 701 781 782 783 1209 1721 1722 1723 1724 
7 
786 787 788 1057 1058 1199 1200 
5 
785 787 788 1058 1199 
5 
785 786 788 1058 1059 
7 
785 786 787 1057 1058 1059 1060 
6 
213 353 354 790 791 792 
6 
213 214 354 789 791 792 
10 
173 174 215 216 354 355 789 790 792 1250 
11 
173 216 353 354 355 356 789 790 791 1249 1250 
4 
794 795 796 1059 
5 
461 464 793 795 796 
4 
464 793 794 796 
3 
793 794 795 
3 
798 799 800 
4 
713 797 799 800 
5 
713 716 797 798 800 
3 
797 798 799 
3 
802 803 804 
3 
801 803 804 
3 
801 802 804 
3 
801 802 803 
3 
806 807 808 
4 
756 805 807 808 
3 
805 806 808 
3 
805 806 807 
7 
225 226 227 228 810 811 812 
5 
226 227 809 811 812 
5 
227 809 810 812 1038 
8 
227 228 809 810 811 934 1037 1038 
3 
814 815 816 
4 
813 815 816 1417 
8 
550 813 814 816 1257 1258 1417 1420 
6 
549 550 813 814 815 1257 
5 
818 819 820 1942 1943 
3 
817 819 820 
3 
817 818 820 
4 
817 818 819 1943 
5 
822 823 824 1814 1815 
3 
821 823 824 
5 
601 602 821 822 824 
5 
601 821 822 823 1815 
10 
826 827 828 1101 1102 1103 1104 1629 1632 1733 
11 
825 827 828 1102 1103 1629 1630 1631 1632 1733 1734 
8 
825 826 828 1103 1631 1632 1735 1736 
7 
825 826 827 1103 1104 1632 1736 
6 
447 448 830 831 832 1764 
9 
447 829 831 832 1533 1763 1764 1993 1996 
6 
829 830 832 1533 1536 1996 
3 
829 830 831 
3 
834 835 836 
5 
833 835 836 1057 1200 
5 
833 834 836 1057 1060 
3 
833 834 835 
3 
838 839 840 
3 
837 839 840 
4 
837 838 840 1930 
5 
837 838 839 1929 1930 
7 
261 262 263 264 842 843 844 
5 
262 263 841 843 844 
4 
263 841 842 844 
5 
263 264 841 842 843 
3 
846 847 848 
4 
845 847 848 1633 
6 
394 845 846 848 1633 1636 
5 
393 394 845 846 847 
9 
850 851 852 1413 1414 1522 1694 1767 1768 
5 
849 851 852 1414 1767 
4 
849 850 852 1415 
9 
849 850 851 1415 1416 1522 1523 1694 1695 
5 
94 95 854 855 856 
3 
853 855 856 
3 
853 854 856 
5 
95 370 853 854 855 
3 
858 859 860 
3 
857 859 860 
4 
857 858 860 1322 
4 
857 858 859 1321 
9 
89 90 628 651 862 863 864 886 899 
6 
90 627 628 861 863 864 
5 
90 91 861 862 864 
9 
89 90 91 92 861 862 863 886 887 
3 
866 867 868 
3 
865 867 868 
3 
865 866 868 
3 
865 866 867 
4 
870 871 872 1261 
5 
869 871 872 1261 1262 
7 
869 870 872 1261 1262 1263 1264 
5 
869 870 871 1261 1264 
3 
874 875 876 
4 
741 873 875 876 
5 
741 744 873 874 876 
3 
873 874 875 
3 
878 879 880 
3 
877 879 880 
3 
877 878 880 
3 
877 878 879 
3 
882 883 884 
6 
588 881 883 884 1841 1844 
4 
881 882 884 1844 
3 
881 882 883 
7 
89 92 652 886 887 888 1835 
11 
89 90 91 92 651 652 861 864 885 887 888 
6 
91 92 864 885 886 888 
5 
92 885 886 887 1438 
7 
187 188 541 544 890 891 892 
8 
187 541 542 543 544 889 891 892 
7 
301 302 543 544 889 890 892 
5 
301 544 889 890 891 
3 
894 895 896 
4 
893 895 896 1944 
5 
893 894 896 1125 1126 
4 
893 894 895 1125 
6 
649 898 899 900 1833 1834 
8 
625 628 649 650 897 899 900 1834 
11 
628 649 650 651 652 861 897 898 900 1834 1835 
9 
649 652 897 898 899 1833 1834 1835 1836 
3 
902 903 904 
5 
621 624 901 903 904 
4 
624 901 902 904 
3 
901 902 903 
4 
325 906 907 908 
5 
325 326 905 907 908 
8 
18 325 326 327 328 905 906 908 
7 
17 18 325 328 905 906 907 
3 
910 911 912 
3 
909 911 912 
3 
909 910 912 
3 
909 910 911 
4 
914 915 916 1654 
4 
493 913 915 916 
5 
493 496 913 914 916 
5 
913 914 915 1654 1655 
7 
918 919 920 1237 1238 1239 1240 
5 
917 919 920 1238 1239 
6 
917 918 920 1193 1194 1239 
6 
917 918 919 1193 1239 1240 
6 
922 923 924 1472 1587 1588 
5 
921 923 924 1471 1587 
3 
921 922 924 
3 
921 922 923 
3 
926 927 928 
3 
925 927 928 
3 
925 926 928 
3 
925 926 927 
3 
930 931 932 
5 
293 444 929 931 932 
5 
293 296 929 930 932 
3 
929 930 931 
6 
587 934 935 936 1275 1842 
7 
228 812 933 935 936 1037 1040 
4 
933 934 936 1040 
5 
933 934 935 1842 1843 
9 
938 939 940 1073 1074 1075 1076 1253 1256 
12 
413 416 593 937 939 940 1074 1075 1253 1254 1255 1256 
9 
416 593 596 937 938 940 1075 1255 1256 
6 
937 938 939 1075 1076 1256 
8 
942 943 944 1001 1881 1882 1883 1884 
7 
941 943 944 1001 1002 1882 1883 
9 
941 942 944 1001 1002 1003 1004 1241 1883 
8 
74 941 942 943 1001 1004 1883 1884 
3 
946 947 948 
3 
945 947 948 
3 
945 946 948 
3 
945 946 947 
5 
609 950 951 952 1398 
5 
609 610 949 951 952 
7 
609 610 611 612 949 950 952 
7 
609 612 949 950 951 1398 1399 
5 
181 184 954 955 956 
8 
180 181 182 183 184 953 955 956 
5 
183 184 953 954 956 
4 
184 953 954 955 
9 
606 607 958 959 960 1451 1515 1516 1936 
6 
957 959 960 1515 1935 1936 
3 
957 958 960 
4 
607 957 958 959 
5 
117 120 962 963 964 
7 
117 118 119 120 961 963 964 
5 
119 120 961 962 964 
4 
120 961 962 963 
5 
966 967 968 1849 1850 
8 
965 967 968 1180 1205 1208 1345 1850 
8 
965 966 968 1208 1345 1348 1850 1851 
7 
965 966 967 1849 1850 1851 1852 
4 
578 970 971 972 
3 
969 971 972 
3 
969 970 972 
5 
578 579 969 970 971 
5 
485 486 974 975 976 
4 
486 973 975 976 
5 
486 487 973 974 976 
7 
485 486 487 488 973 974 975 
3 
978 979 980 
3 
977 979 980 
3 
977 978 980 
3 
977 978 979 
7 
254 255 311 312 982 983 984 
4 
311 981 983 984 
4 
981 982 984 1890 
6 
255 981 982 983 1889 1890 
7 
727 986 987 988 1539 1683 1684 
4 
985 987 988 1683 
3 
985 986 988 
3 
985 986 987 
3 
990 991 992 
3 
989 991 992 
3 
989 990 992 
3 
989 990 991 
5 
994 995 996 1989 1990 
5 
993 995 996 1752 1990 
4 
993 994 996 1991 
5 
993 994 995 1991 1992 
3 
998 999 1000 
4 
997 999 1000 1116 
3 
997 998 1000 
3 
997 998 999 
10 
74 941 942 943 944 1002 1003 1004 1883 1884 
6 
942 943 1001 1003 1004 1883 
5 
943 1001 1002 1004 1241 
7 
74 75 943 944 1001 1002 1003 
3 
1006 1007 1008 
3 
1005 1007 1008 
5 
1005 1006 1008 1785 1786 
4 
1005 1006 1007 1785 
9 
109 110 111 112 423 424 1010 1011 1012 
6 
110 111 423 1009 1011 1012 
4 
111 1009 1010 1012 
6 
111 112 1009 1010 1011 1682 
5 
734 1014 1015 1016 1017 
6 
737 1013 1015 1016 1017 1018 
9 
737 740 1013 1014 1016 1017 1018 1019 1020 
7 
734 735 1013 1014 1015 1017 1020 
7 
1013 1014 1015 1016 1018 1019 1020 
6 
737 1014 1015 1017 1019 1020 
6 
737 740 1015 1017 1018 1020 
5 
1015 1016 1017 1018 1019 
6 
229 1022 1023 1024 1526 1527 
5 
229 230 1021 1023 1024 
8 
229 230 231 232 1021 1022 1024 1342 
8 
229 232 1021 1022 1023 1341 1342 1527 
7 
569 570 571 572 1026 1027 1028 
5 
570 571 1025 1027 1028 
4 
571 1025 1026 1028 
5 
571 572 1025 1026 1027 
11 
270 271 479 480 761 762 763 764 1030 1031 1032 
6 
479 762 763 1029 1031 1032 
4 
763 1029 1030 1032 
8 
271 763 764 1029 1030 1031 1542 1702 
4 
179 1034 1035 1036 
4 
237 1033 1035 1036 
5 
237 240 1033 1034 1036 
3 
1033 1034 1035 
6 
228 812 934 1038 1039 1040 
6 
227 811 812 1037 1039 1040 
3 
1037 1038 1040 
5 
934 935 1037 1038 1039 
3 
1042 1043 1044 
4 
1041 1043 1044 1189 
4 
1041 1042 1044 1192 
3 
1041 1042 1043 
5 
124 584 1046 1047 1048 
7 
123 124 583 584 1045 1047 1048 
5 
217 218 1045 1046 1048 
4 
217 1045 1046 1047 
7 
14 1050 1051 1052 1484 1578 1579 
5 
1049 1051 1052 1483 1484 
3 
1049 1050 1052 
6 
14 15 1049 1050 1051 1579 
7 
337 338 339 340 1054 1055 1056 
5 
338 339 1053 1055 1056 
7 
339 693 694 1053 1054 1056 1070 
7 
339 340 693 1053 1054 1055 1069 
7 
785 788 834 835 1058 1059 1060 
7 
785 786 787 788 1057 1059 1060 
6 
787 788 793 1057 1058 1060 
6 
788 835 1057 1058 1059 1902 
8 
701 702 783 1062 1063 1064 1209 1210 
5 
702 1061 1063 1064 1210 
6 
702 703 1061 1062 1064 1211 
9 
701 702 703 704 1061 1062 1063 1211 1212 
7 
142 143 1066 1067 1068 1442 1443 
3 
1065 1067 1068 
4 
1065 1066 1068 1082 
7 
143 1065 1066 1067 1081 1082 1443 
5 
693 1056 1070 1071 1072 
6 
693 694 1055 1069 1071 1072 
7 
693 694 695 696 1069 1070 1072 
5 
693 696 1069 1070 1071 
6 
937 1074 1075 1076 1253 1256 
12 
413 416 593 937 938 1073 1075 1076 1253 1254 1255 1256 
12 
416 593 596 937 938 939 940 1073 1074 1076 1255 1256 
6 
937 940 1073 1074 1075 1256 
4 
432 1078 1079 1080 
5 
431 432 1077 1079 1080 
4 
1077 1078 1080 1606 
5 
1077 1078 1079 1605 1606 
6 
143 1068 1082 1083 1084 1443 
5 
1067 1068 1081 1083 1084 
3 
1081 1082 1084 
3 
1081 1082 1083 
4 
539 1086 1087 1088 
3 
1085 1087 1088 
4 
1085 1086 1088 1294 
5 
1085 1086 1087 1293 1294 
5 
1090 1091 1092 1289 1292 
7 
1089 1091 1092 1289 1290 1291 1292 
5 
1089 1090 1092 1291 1292 
4 
1089 1090 1091 1292 
5 
1094 1095 1096 1795 1796 
4 
1093 1095 1096 1795 
3 
1093 1094 1096 
3 
1093 1094 1095 
3 
1098 1099 1100 
4 
1097 1099 1100 2000 
3 
1097 1098 1100 
3 
1097 1098 1099 
4 
825 1102 1103 1104 
8 
825 826 1101 1103 1104 1629 1632 1733 
9 
825 826 827 828 1101 1102 1104 1632 1736 
5 
825 828 1101 1102 1103 
4 
156 1106 1107 1108 
7 
155 156 253 256 1105 1107 1108 
4 
256 1105 1106 1108 
3 
1105 1106 1107 
6 
473 474 1110 1111 1112 1374 
4 
474 1109 1111 1112 
5 
474 475 1109 1110 1112 
9 
473 474 475 476 1109 1110 1111 1374 1375 
6 
268 1114 1115 1116 1319 1320 
7 
144 267 268 1113 1115 1116 1319 
3 
1113 1114 1116 
4 
998 1113 1114 1115 
5 
34 782 1118 1119 1120 
3 
1117 1119 1120 
3 
1117 1118 1120 
6 
35 782 783 1117 1118 1119 
4 
1122 1123 1124 1570 
4 
1121 1123 1124 1385 
5 
1121 1122 1124 1385 1388 
6 
274 1121 1122 1123 1570 1571 
5 
895 896 1126 1127 1128 
4 
895 1125 1127 1128 
5 
697 698 1125 1126 1128 
4 
697 1125 1126 1127 
12 
401 402 403 404 537 1130 1131 1132 1657 1658 1659 1660 
10 
164 402 403 537 538 1129 1131 1132 1658 1659 
10 
403 537 538 539 540 1129 1130 1132 1659 1918 
11 
403 404 537 540 1129 1130 1131 1659 1660 1917 1918 
4 
709 1134 1135 1136 
6 
576 709 710 1133 1135 1136 
7 
709 710 711 712 1133 1134 1136 
5 
709 712 1133 1134 1135 
3 
1138 1139 1140 
3 
1137 1139 1140 
3 
1137 1138 1140 
3 
1137 1138 1139 
9 
201 202 203 204 1142 1143 1144 1149 1152 
9 
202 203 1141 1143 1144 1149 1150 1151 1152 
11 
30 125 126 203 1141 1142 1144 1151 1152 1177 1178 
10 
29 30 125 203 204 1141 1142 1143 1152 1177 
4 
488 1146 1147 1148 
5 
487 488 1145 1147 1148 
4 
753 1145 1146 1148 
3 
1145 1146 1147 
7 
202 203 1141 1142 1150 1151 1152 
4 
1142 1149 1151 1152 
8 
126 1142 1143 1149 1150 1152 1177 1178 
12 
30 125 126 203 1141 1142 1143 1144 1149 1150 1151 1177 
3 
1154 1155 1156 
3 
1153 1155 1156 
3 
1153 1154 1156 
3 
1153 1154 1155 
5 
1158 1159 1160 1951 1952 
4 
1157 1159 1160 1951 
3 
1157 1158 1160 
3 
1157 1158 1159 
3 
1162 1163 1164 
3 
1161 1163 1164 
3 
1161 1162 1164 
3 
1161 1162 1163 
5 
1166 1167 1168 1728 1837 
6 
1165 1167 1168 1727 1837 1838 
7 
1165 1166 1168 1837 1838 1839 1840 
5 
1165 1166 1167 1837 1840 
3 
1170 1171 1172 
4 
636 1169 1171 1172 
3 
1169 1170 1172 
3 
1169 1170 1171 
3 
1174 1175 1176 
3 
1173 1175 1176 
4 
1173 1174 1176 1665 
4 
458 1173 1174 1175 
12 
30 125 126 127 128 1143 1144 1151 1152 1178 1179 1180 
7 
126 127 1143 1151 1177 1179 1180 
6 
127 1177 1178 1180 1205 1206 
8 
31 127 128 966 1177 1178 1179 1205 
4 
1182 1183 1184 1685 
6 
1181 1183 1184 1613 1685 1686 
9 
1181 1182 1184 1613 1616 1685 1686 1687 1688 
5 
1181 1182 1183 1685 1688 
3 
1186 1187 1188 
3 
1185 1187 1188 
4 
1185 1186 1188 1557 
3 
1185 1186 1187 
4 
1042 1190 1191 1192 
4 
372 1189 1191 1192 
3 
1189 1190 1192 
4 
1043 1189 1190 1191 
7 
919 920 1194 1195 1196 1239 1240 
5 
919 1193 1195 1196 1239 
3 
1193 1194 1196 
3 
1193 1194 1195 
3 
1198 1199 1200 
3 
1197 1199 1200 
5 
785 786 1197 1198 1200 
5 
785 834 1197 1198 1199 
7 
317 318 319 320 1202 1203 1204 
5 
318 319 1201 1203 1204 
4 
319 1201 1202 1204 
5 
319 320 1201 1202 1203 
9 
31 127 128 966 1179 1180 1206 1207 1208 
5 
127 1179 1205 1207 1208 
5 
1205 1206 1208 1345 1346 
7 
966 967 1205 1206 1207 1345 1850 
10 
701 702 783 784 1061 1210 1211 1212 1722 1723 
7 
702 783 1061 1062 1209 1211 1212 
7 
702 703 1063 1064 1209 1210 1212 
9 
701 702 703 704 1064 1209 1210 1211 1723 
9 
630 1214 1215 1216 1389 1390 1391 1392 1623 
5 
1213 1215 1216 1390 1391 
4 
1213 1214 1216 1391 
9 
630 631 1213 1214 1215 1391 1392 1886 1974 
4 
371 1218 1219 1220 
3 
1217 1219 1220 
4 
441 1217 1218 1220 
3 
1217 1218 1219 
5 
653 656 1222 1223 1224 
7 
653 654 655 656 1221 1223 1224 
6 
655 656 1221 1222 1224 1381 
5 
656 1221 1222 1223 1766 
3 
1226 1227 1228 
3 
1225 1227 1228 
5 
1225 1226 1228 1305 1306 
4 
1225 1226 1227 1305 
3 
1230 1231 1232 
3 
1229 1231 1232 
4 
382 1229 1230 1232 
5 
381 382 1229 1230 1231 
6 
208 1234 1235 1236 1316 1745 
9 
207 208 1233 1235 1236 1315 1316 1745 1746 
5 
1233 1234 1236 1747 1748 
4 
1233 1234 1235 1748 
4 
917 1238 1239 1240 
5 
917 918 1237 1239 1240 
9 
917 918 919 920 1193 1194 1237 1238 1240 
6 
917 920 1193 1237 1238 1239 
5 
943 1003 1242 1243 1244 
3 
1241 1243 1244 
3 
1241 1242 1244 
3 
1241 1242 1243 
3 
1246 1247 1248 
5 
648 724 1245 1247 1248 
3 
1245 1246 1248 
3 
1245 1246 1247 
8 
173 216 355 356 792 1250 1251 1252 
10 
173 174 215 216 355 791 792 1249 1251 1252 
7 
173 174 175 176 1249 1250 1252 
5 
173 176 1249 1250 1251 
9 
413 416 937 938 1073 1074 1254 1255 1256 
9 
413 414 415 416 938 1074 1253 1255 1256 
10 
415 416 593 938 939 1074 1075 1253 1254 1256 
12 
416 937 938 939 940 1073 1074 1075 1076 1253 1254 1255 
6 
550 815 816 1258 1259 1260 
6 
815 1257 1259 1260 1417 1420 
5 
1257 1258 1260 1420 1810 
7 
550 551 1257 1258 1259 1809 1810 
7 
869 870 871 872 1262 1263 1264 
6 
408 870 871 1261 1263 1264 
4 
871 1261 1262 1264 
5 
871 872 1261 1262 1263 
4 
1266 1267 1268 1480 
7 
497 500 1265 1267 1268 1479 1480 
4 
500 1265 1266 1268 
3 
1265 1266 1267 
5 
509 510 1270 1271 1272 
4 
510 1269 1271 1272 
5 
510 511 1269 1270 1272 
7 
509 510 511 512 1269 1270 1271 
6 
140 585 1274 1275 1276 1922 
7 
139 140 585 586 1273 1275 1276 
10 
585 586 587 588 933 1273 1274 1276 1841 1842 
8 
585 588 1273 1274 1275 1841 1922 1923 
3 
1278 1279 1280 
3 
1277 1279 1280 
5 
617 618 1277 1278 1280 
4 
617 1277 1278 1279 
5 
1282 1283 1284 1430 1431 
3 
1281 1283 1284 
3 
1281 1282 1284 
4 
1281 1282 1283 1431 
3 
1286 1287 1288 
3 
1285 1287 1288 
3 
1285 1286 1288 
4 
298 1285 1286 1287 
5 
1089 1090 1290 1291 1292 
4 
1090 1289 1291 1292 
5 
1090 1091 1289 1290 1292 
7 
1089 1090 1091 1092 1289 1290 1291 
4 
1088 1294 1295 1296 
5 
1087 1088 1293 1295 1296 
3 
1293 1294 1296 
3 
1293 1294 1295 
3 
1298 1299 1300 
3 
1297 1299 1300 
3 
1297 1298 1300 
3 
1297 1298 1299 
3 
1302 1303 1304 
4 
1301 1303 1304 1400 
3 
1301 1302 1304 
3 
1301 1302 1303 
5 
1227 1228 1306 1307 1308 
5 
485 1227 1305 1307 1308 
5 
485 488 1305 1306 1308 
4 
1305 1306 1307 1474 
8 
1310 1311 1312 1332 1829 1830 1831 1832 
9 
53 212 1309 1311 1312 1331 1332 1830 1831 
6 
53 56 1309 1310 1312 1831 
5 
1309 1310 1311 1831 1832 
9 
205 206 207 208 1314 1315 1316 1745 1746 
6 
206 207 1313 1315 1316 1746 
7 
207 1234 1313 1314 1316 1746 1747 
11 
207 208 1233 1234 1313 1314 1315 1745 1746 1747 1748 
5 
671 672 1318 1319 1320 
6 
265 268 671 1317 1319 1320 
6 
268 1113 1114 1317 1318 1320 
4 
1113 1317 1318 1319 
4 
860 1322 1323 1324 
4 
859 1321 1323 1324 
3 
1321 1322 1324 
4 
558 1321 1322 1323 
5 
357 358 1326 1327 1328 
4 
358 1325 1327 1328 
4 
359 1325 1326 1328 
5 
359 360 1325 1326 1327 
4 
209 1330 1331 1332 
5 
209 210 1329 1331 1332 
9 
209 210 211 212 1310 1329 1330 1332 1830 
9 
209 212 1309 1310 1329 1330 1331 1829 1830 
4 
37 1334 1335 1336 
6 
37 38 420 1333 1335 1336 
5 
39 40 1333 1334 1336 
4 
40 1333 1334 1335 
3 
1338 1339 1340 
5 
509 512 1337 1339 1340 
4 
512 1337 1338 1340 
3 
1337 1338 1339 
7 
229 232 1024 1342 1343 1344 1527 
9 
229 230 231 232 1023 1024 1341 1343 1344 
6 
231 232 1341 1342 1344 1949 
5 
232 1341 1342 1343 1354 
9 
966 967 1207 1208 1346 1347 1348 1850 1851 
4 
1207 1345 1347 1348 
3 
1345 1346 1348 
6 
967 1345 1346 1347 1482 1851 
3 
1350 1351 1352 
3 
1349 1351 1352 
3 
1349 1350 1352 
3 
1349 1350 1351 
3 
1354 1355 1356 
5 
232 1344 1353 1355 1356 
3 
1353 1354 1356 
4 
118 1353 1354 1355 
5 
602 603 1358 1359 1360 
3 
1357 1359 1360 
3 
1357 1358 1360 
5 
366 603 1357 1358 1359 
9 
533 534 1362 1363 1364 1543 1544 1703 1704 
6 
534 1361 1363 1364 1543 1703 
6 
534 535 674 1361 1362 1364 
9 
533 534 535 536 673 674 1361 1362 1363 
4 
1366 1367 1368 1611 
3 
1365 1367 1368 
3 
1365 1366 1368 
3 
1365 1366 1367 
5 
1370 1371 1372 1897 1898 
4 
1369 1371 1372 1898 
4 
1369 1370 1372 1899 
5 
1369 1370 1371 1899 1900 
5 
26 473 1374 1375 1376 
7 
473 474 1109 1112 1373 1375 1376 
6 
475 476 1112 1373 1374 1376 
6 
26 27 476 1373 1374 1375 
5 
45 46 1378 1379 1380 
4 
46 1377 1379 1380 
5 
46 47 1377 1378 1380 
7 
45 46 47 48 1377 1378 1379 
6 
469 655 1223 1382 1383 1384 
5 
469 470 1381 1383 1384 
7 
469 470 471 472 1381 1382 1384 
5 
469 472 1381 1382 1383 
5 
1122 1123 1386 1387 1388 
3 
1385 1387 1388 
3 
1385 1386 1388 
4 
1123 1385 1386 1387 
7 
629 630 1213 1390 1391 1392 1623 
6 
630 1213 1214 1389 1391 1392 
10 
630 631 1213 1214 1215 1216 1389 1390 1392 1974 
12 
629 630 631 632 1213 1216 1389 1390 1391 1886 1973 1974 
3 
1394 1395 1396 
3 
1393 1395 1396 
3 
1393 1394 1396 
3 
1393 1394 1395 
3 
1398 1399 1400 
6 
609 949 952 1397 1399 1400 
6 
609 612 952 1397 1398 1400 
4 
1302 1397 1398 1399 
3 
1402 1403 1404 
3 
1401 1403 1404 
3 
1401 1402 1404 
3 
1401 1402 1403 
5 
481 484 1406 1407 1408 
9 
481 482 483 484 524 780 1405 1407 1408 
5 
483 484 1405 1406 1408 
4 
484 1405 1406 1407 
3 
1410 1411 1412 
3 
1409 1411 1412 
3 
1409 1410 1412 
3 
1409 1410 1411 
8 
849 1414 1415 1416 1522 1694 1767 1768 
6 
849 850 1413 1415 1416 1767 
5 
851 852 1413 1414 1416 
8 
852 1413 1414 1415 1522 1523 1694 1695 
6 
814 815 1258 1418 1419 1420 
3 
1417 1419 1420 
3 
1417 1418 1420 
6 
815 1258 1259 1417 1418 1419 
3 
1422 1423 1424 
4 
176 1421 1423 1424 
3 
1421 1422 1424 
3 
1421 1422 1423 
4 
6 1426 1427 1428 
3 
1425 1427 1428 
3 
1425 1426 1428 
4 
7 1425 1426 1427 
5 
1430 1431 1432 1591 1592 
5 
1281 1429 1431 1432 1591 
5 
1281 1284 1429 1430 1432 
4 
178 1429 1430 1431 
3 
1434 1435 1436 
3 
1433 1435 1436 
3 
1433 1434 1436 
3 
1433 1434 1435 
3 
1438 1439 1440 
4 
888 1437 1439 1440 
3 
1437 1438 1440 
4 
10 1437 1438 1439 
5 
141 142 1442 1443 1444 
5 
142 1065 1441 1443 1444 
9 
142 143 266 1065 1068 1081 1441 1442 1444 
9 
141 142 143 144 265 266 1441 1442 1443 
3 
1446 1447 1448 
5 
1445 1447 1448 1605 1608 
7 
241 242 321 1445 1446 1448 1608 
4 
241 1445 1446 1447 
8 
605 606 1450 1451 1452 1513 1617 1620 
12 
606 1449 1451 1452 1513 1514 1617 1618 1619 1620 1933 1936 
13 
606 607 957 1449 1450 1452 1513 1514 1515 1516 1619 1620 1936 
10 
605 606 607 608 1449 1450 1451 1513 1516 1620 
3 
1454 1455 1456 
4 
745 1453 1455 1456 
8 
438 501 502 745 748 1453 1454 1456 
6 
437 438 501 1453 1454 1455 
3 
1458 1459 1460 
5 
457 460 1457 1459 1460 
4 
460 1457 1458 1460 
3 
1457 1458 1459 
3 
1462 1463 1464 
3 
1461 1463 1464 
4 
530 1461 1462 1464 
6 
529 530 1461 1462 1463 1894 
3 
1466 1467 1468 
3 
1465 1467 1468 
3 
1465 1466 1468 
3 
1465 1466 1467 
5 
1470 1471 1472 1585 1586 
4 
1469 1471 1472 1586 
6 
922 1469 1470 1472 1586 1587 
8 
921 1469 1470 1471 1585 1586 1587 1588 
5 
1474 1475 1476 1770 1771 
4 
1308 1473 1475 1476 
7 
1473 1474 1476 1502 1598 1789 1790 
11 
346 410 1473 1474 1475 1501 1502 1597 1598 1771 1789 
3 
1478 1479 1480 
3 
1477 1479 1480 
5 
497 1266 1477 1478 1480 
5 
1265 1266 1477 1478 1479 
4 
1482 1483 1484 1578 
4 
1348 1481 1483 1484 
4 
1050 1481 1482 1484 
7 
1049 1050 1481 1482 1483 1578 1579 
4 
1486 1487 1488 1793 
5 
1485 1487 1488 1793 1794 
7 
1485 1486 1488 1793 1794 1795 1796 
5 
1485 1486 1487 1793 1796 
3 
1490 1491 1492 
5 
1489 1491 1492 1937 1940 
4 
1489 1490 1492 1940 
3 
1489 1490 1491 
3 
1494 1495 1496 
3 
1493 1495 1496 
3 
1493 1494 1496 
3 
1493 1494 1495 
4 
675 1498 1499 1500 
3 
1497 1499 1500 
3 
1497 1498 1500 
3 
1497 1498 1499 
11 
346 347 410 1476 1502 1503 1504 1597 1598 1771 1789 
8 
1475 1476 1501 1503 1504 1598 1789 1790 
9 
1501 1502 1504 1598 1599 1789 1790 1791 1792 
11 
347 411 1501 1502 1503 1597 1598 1599 1600 1789 1792 
3 
1506 1507 1508 
3 
1505 1507 1508 
3 
1505 1506 1508 
3 
1505 1506 1507 
5 
322 323 1510 1511 1512 
3 
1509 1511 1512 
3 
1509 1510 1512 
4 
323 1509 1510 1511 
10 
605 606 1449 1450 1451 1452 1514 1515 1516 1620 
10 
606 1450 1451 1513 1515 1516 1619 1620 1933 1936 
9 
606 607 957 958 1451 1513 1514 1516 1936 
10 
605 606 607 608 957 1451 1452 1513 1514 1515 
5 
251 252 1518 1519 1520 
4 
251 1517 1519 1520 
3 
1517 1518 1520 
3 
1517 1518 1519 
7 
1522 1523 1524 1693 1694 1695 1696 
9 
849 852 1413 1416 1521 1523 1524 1694 1695 
8 
285 286 852 1416 1521 1522 1524 1695 
7 
234 285 1521 1522 1523 1695 1696 
3 
1526 1527 1528 
4 
1021 1525 1527 1528 
6 
1021 1024 1341 1525 1526 1528 
3 
1525 1526 1527 
3 
1530 1531 1532 
3 
1529 1531 1532 
3 
1529 1530 1532 
4 
1529 1530 1531 1750 
9 
830 831 1534 1535 1536 1993 1994 1995 1996 
5 
1533 1535 1536 1994 1995 
4 
1533 1534 1536 1995 
6 
831 1533 1534 1535 1995 1996 
9 
67 68 725 726 727 728 1538 1539 1540 
7 
67 726 727 1537 1539 1540 1681 
7 
727 985 1537 1538 1540 1681 1684 
5 
727 728 1537 1538 1539 
9 
1542 1543 1544 1674 1675 1701 1702 1703 1704 
6 
1032 1541 1543 1544 1702 1703 
7 
534 1361 1362 1541 1542 1544 1703 
9 
533 534 1361 1541 1542 1543 1675 1703 1704 
3 
1546 1547 1548 
3 
1545 1547 1548 
3 
1545 1546 1548 
3 
1545 1546 1547 
3 
1550 1551 1552 
3 
1549 1551 1552 
3 
1549 1550 1552 
3 
1549 1550 1551 
4 
1554 1555 1556 1649 
5 
1553 1555 1556 1649 1650 
7 
1553 1554 1556 1649 1650 1651 1652 
5 
1553 1554 1555 1649 1652 
4 
1187 1558 1559 1560 
7 
345 348 409 1557 1559 1560 1772 
5 
348 412 1557 1558 1560 
3 
1557 1558 1559 
3 
1562 1563 1564 
3 
1561 1563 1564 
5 
429 430 1561 1562 1564 
4 
429 1561 1562 1563 
7 
281 755 756 1566 1567 1568 1916 
10 
281 282 329 332 755 1565 1567 1568 1915 1916 
6 
283 284 332 1565 1566 1568 
4 
284 1565 1566 1567 
6 
185 186 273 1570 1571 1572 
7 
186 274 1121 1124 1569 1571 1572 
8 
186 187 274 275 1124 1569 1570 1572 
9 
185 186 187 188 273 276 1569 1570 1571 
4 
21 1574 1575 1576 
5 
21 22 1573 1575 1576 
10 
21 22 23 24 245 246 1573 1574 1576 1946 
8 
21 24 245 1573 1574 1575 1945 1946 
5 
554 555 1578 1579 1580 
6 
1049 1481 1484 1577 1579 1580 
8 
13 14 1049 1052 1484 1577 1578 1580 
5 
13 555 1577 1578 1579 
7 
1582 1583 1584 1626 1627 1978 1979 
3 
1581 1583 1584 
4 
406 1581 1582 1584 
7 
405 406 1581 1582 1583 1627 1979 
5 
1469 1472 1586 1587 1588 
7 
1469 1470 1471 1472 1585 1587 1588 
7 
921 922 1471 1472 1585 1586 1588 
5 
921 1472 1585 1586 1587 
3 
1590 1591 1592 
3 
1589 1591 1592 
5 
1429 1430 1589 1590 1592 
4 
1429 1589 1590 1591 
7 
161 162 163 164 1594 1595 1596 
5 
162 163 1593 1595 1596 
4 
163 1593 1594 1596 
6 
163 164 538 1593 1594 1595 
12 
346 347 410 1476 1501 1504 1598 1599 1600 1771 1772 1789 
12 
1475 1476 1501 1502 1503 1504 1597 1599 1600 1771 1789 1790 
9 
1503 1504 1597 1598 1600 1789 1790 1791 1792 
8 
347 411 1504 1597 1598 1599 1789 1792 
7 
1602 1603 1604 1637 1638 1639 1640 
6 
1601 1603 1604 1638 1639 1908 
6 
153 154 1601 1602 1604 1639 
6 
153 1601 1602 1603 1639 1640 
5 
1080 1446 1606 1607 1608 
5 
1079 1080 1605 1607 1608 
3 
1605 1606 1608 
5 
1446 1447 1605 1606 1607 
4 
662 1610 1611 1612 
3 
1609 1611 1612 
4 
1365 1609 1610 1612 
5 
662 663 1609 1610 1611 
7 
1182 1183 1614 1615 1616 1685 1686 
4 
1613 1615 1616 1686 
5 
1613 1614 1616 1687 1893 
7 
478 1183 1613 1614 1615 1687 1688 
6 
1449 1450 1618 1619 1620 1933 
6 
1450 1617 1619 1620 1933 1934 
10 
1450 1451 1514 1617 1618 1620 1933 1934 1935 1936 
12 
606 1449 1450 1451 1452 1513 1514 1617 1618 1619 1933 1936 
5 
149 150 1622 1623 1624 
4 
150 1621 1623 1624 
7 
150 151 1213 1389 1621 1622 1624 
8 
149 150 151 152 642 1621 1622 1623 
5 
1626 1627 1628 1977 1980 
8 
1581 1625 1627 1628 1977 1978 1979 1980 
8 
405 1581 1584 1625 1626 1628 1979 1980 
4 
1625 1626 1627 1980 
8 
825 826 1102 1630 1631 1632 1733 1734 
6 
32 826 1629 1631 1632 1734 
7 
826 827 1629 1630 1632 1734 1735 
13 
825 826 827 828 1102 1103 1629 1630 1631 1733 1734 1735 1736 
6 
394 846 847 1634 1635 1636 
3 
1633 1635 1636 
4 
1633 1634 1636 1749 
6 
394 395 847 1633 1634 1635 
6 
490 491 1601 1638 1639 1640 
6 
1601 1602 1637 1639 1640 1908 
8 
153 1601 1602 1603 1604 1637 1638 1640 
6 
491 1601 1604 1637 1638 1639 
6 
561 562 1642 1643 1644 1652 
6 
562 1641 1643 1644 1651 1652 
5 
562 563 1641 1642 1644 
7 
561 562 563 564 1641 1642 1643 
5 
78 79 1646 1647 1648 
3 
1645 1647 1648 
6 
129 130 333 1645 1646 1648 
5 
79 129 1645 1646 1647 
7 
1553 1554 1555 1556 1650 1651 1652 
5 
1554 1555 1649 1651 1652 
5 
1555 1642 1649 1650 1652 
7 
1555 1556 1641 1642 1649 1650 1651 
3 
1654 1655 1656 
5 
913 916 1653 1655 1656 
4 
916 1653 1654 1656 
3 
1653 1654 1655 
6 
401 402 1129 1658 1659 1660 
7 
402 537 1129 1130 1657 1659 1660 
11 
403 537 540 1129 1130 1131 1132 1657 1658 1660 1918 
9 
403 404 1129 1132 1657 1658 1659 1917 1918 
5 
1662 1663 1664 1969 1972 
8 
344 1661 1663 1664 1969 1970 1971 1972 
5 
1661 1662 1664 1971 1972 
4 
1661 1662 1663 1972 
4 
1175 1666 1667 1668 
3 
1665 1667 1668 
3 
1665 1666 1668 
4 
1665 1666 1667 1782 
5 
547 548 1670 1671 1672 
4 
547 1669 1671 1672 
3 
1669 1670 1672 
3 
1669 1670 1671 
3 
1674 1675 1676 
7 
272 764 1541 1673 1675 1676 1701 
7 
1541 1544 1673 1674 1676 1701 1704 
3 
1673 1674 1675 
5 
615 616 1678 1679 1680 
4 
615 1677 1679 1680 
3 
1677 1678 1680 
4 
1677 1678 1679 1822 
7 
726 727 1538 1539 1682 1683 1684 
4 
1012 1681 1683 1684 
5 
985 986 1681 1682 1684 
6 
727 985 1539 1681 1682 1683 
8 
1181 1182 1183 1184 1613 1686 1687 1688 
7 
1182 1183 1613 1614 1685 1687 1688 
7 
1183 1615 1616 1685 1686 1688 1893 
7 
478 1183 1184 1616 1685 1686 1687 
9 
145 146 147 148 351 352 1690 1691 1692 
6 
146 147 351 1689 1691 1692 
4 
147 1689 1690 1692 
6 
147 148 1689 1690 1691 1846 
4 
1521 1694 1695 1696 
9 
849 852 1413 1416 1521 1522 1693 1695 1696 
11 
285 286 852 1416 1521 1522 1523 1524 1693 1694 1696 
7 
234 285 1521 1524 1693 1694 1695 
4 
513 1698 1699 1700 
5 
513 514 1697 1699 1700 
7 
513 514 515 516 1697 1698 1700 
5 
513 516 1697 1698 1699 
8 
272 764 1541 1674 1675 1702 1703 1704 
9 
271 763 764 1032 1541 1542 1701 1703 1704 
9 
1361 1362 1541 1542 1543 1544 1701 1702 1704 
7 
1361 1541 1544 1675 1701 1702 1703 
3 
1706 1707 1708 
3 
1705 1707 1708 
3 
1705 1706 1708 
3 
1705 1706 1707 
3 
1710 1711 1712 
3 
1709 1711 1712 
3 
1709 1710 1712 
3 
1709 1710 1711 
4 
1714 1715 1716 1909 
5 
1713 1715 1716 1909 1910 
7 
1713 1714 1716 1909 1910 1911 1912 
5 
1713 1714 1715 1909 1912 
3 
1718 1719 1720 
4 
1717 1719 1720 1777 
5 
1717 1718 1720 1777 1780 
3 
1717 1718 1719 
5 
781 784 1722 1723 1724 
10 
36 701 781 782 783 784 1209 1721 1723 1724 
9 
701 704 783 784 1209 1212 1721 1722 1724 
4 
784 1721 1722 1723 
3 
1726 1727 1728 
3 
1725 1727 1728 
6 
1166 1725 1726 1728 1837 1838 
5 
1165 1725 1726 1727 1837 
3 
1730 1731 1732 
3 
1729 1731 1732 
4 
1729 1730 1732 1965 
3 
1729 1730 1731 
8 
825 826 1102 1629 1632 1734 1735 1736 
8 
826 1629 1630 1631 1632 1733 1735 1736 
6 
827 1631 1632 1733 1734 1736 
7 
827 828 1103 1632 1733 1734 1735 
3 
1738 1739 1740 
4 
733 1737 1739 1740 
8 
93 189 190 733 736 1737 1738 1740 
5 
189 418 1737 1738 1739 
4 
577 1742 1743 1744 
5 
577 578 1741 1743 1744 
7 
577 578 579 580 1741 1742 1744 
5 
577 580 1741 1742 1743 
8 
208 1233 1234 1313 1316 1746 1747 1748 
10 
207 208 1234 1313 1314 1315 1316 1745 1747 1748 
6 
1235 1315 1316 1745 1746 1748 
6 
1235 1236 1316 1745 1746 1747 
4 
1635 1750 1751 1752 
4 
1532 1749 1751 1752 
3 
1749 1750 1752 
5 
994 1749 1750 1751 1990 
4 
87 1754 1755 1756 
3 
1753 1755 1756 
3 
1753 1754 1756 
3 
1753 1754 1755 
3 
1758 1759 1760 
4 
1757 1759 1760 1869 
5 
1757 1758 1760 1869 1872 
3 
1757 1758 1759 
7 
217 220 445 446 1762 1763 1764 
8 
217 218 219 220 446 1761 1763 1764 
9 
219 220 446 447 830 1761 1762 1764 1993 
10 
220 445 446 447 448 829 830 1761 1762 1763 
3 
1766 1767 1768 
4 
1224 1765 1767 1768 
7 
849 850 1413 1414 1765 1766 1768 
5 
849 1413 1765 1766 1767 
3 
1770 1771 1772 
4 
1473 1769 1771 1772 
11 
346 410 1473 1476 1501 1597 1598 1769 1770 1772 1789 
9 
345 346 409 410 1558 1597 1769 1770 1771 
3 
1774 1775 1776 
3 
1773 1775 1776 
3 
1773 1774 1776 
3 
1773 1774 1775 
5 
1718 1719 1778 1779 1780 
3 
1777 1779 1780 
3 
1777 1778 1780 
4 
1719 1777 1778 1779 
4 
459 1782 1783 1784 
4 
1668 1781 1783 1784 
4 
1781 1782 1784 1985 
3 
1781 1782 1783 
5 
1007 1008 1786 1787 1788 
4 
1007 1785 1787 1788 
3 
1785 1786 1788 
3 
1785 1786 1787 
18 
346 347 410 411 1475 1476 1501 1502 1503 1504 1597 1598 1599 1600 1771 1790 1791 1792 
8 
1475 1502 1503 1598 1599 1789 1791 1792 
5 
1503 1599 1789 1790 1792 
9 
347 411 1503 1504 1599 1600 1789 1790 1791 
7 
1485 1486 1487 1488 1794 1795 1796 
5 
1486 1487 1793 1795 1796 
6 
1093 1094 1487 1793 1794 1796 
6 
1093 1487 1488 1793 1794 1795 
3 
1798 1799 1800 
3 
1797 1799 1800 
3 
1797 1798 1800 
3 
1797 1798 1799 
5 
1802 1803 1804 1957 1960 
7 
1801 1803 1804 1957 1958 1959 1960 
5 
1801 1802 1804 1959 1960 
4 
1801 1802 1803 1960 
3 
1806 1807 1808 
3 
1805 1807 1808 
3 
1805 1806 1808 
3 
1805 1806 1807 
6 
551 552 1260 1810 1811 1812 
6 
551 1259 1260 1809 1811 1812 
3 
1809 1810 1812 
3 
1809 1810 1811 
6 
115 1814 1815 1816 1847 1848 
5 
821 1813 1815 1816 1847 
5 
821 824 1813 1814 1816 
4 
338 1813 1814 1815 
3 
1818 1819 1820 
5 
193 196 1817 1819 1820 
4 
196 1817 1818 1820 
3 
1817 1818 1819 
3 
1822 1823 1824 
4 
1680 1821 1823 1824 
3 
1821 1822 1824 
3 
1821 1822 1823 
3 
1826 1827 1828 
3 
1825 1827 1828 
3 
1825 1826 1828 
3 
1825 1826 1827 
5 
1309 1332 1830 1831 1832 
9 
53 212 1309 1310 1331 1332 1829 1831 1832 
9 
53 56 1309 1310 1311 1312 1829 1830 1832 
5 
1309 1312 1829 1830 1831 
5 
897 900 1834 1835 1836 
9 
649 652 897 898 899 900 1833 1835 1836 
8 
89 652 885 899 900 1833 1834 1836 
4 
900 1833 1834 1835 
9 
1165 1166 1167 1168 1727 1728 1838 1839 1840 
6 
1166 1167 1727 1837 1839 1840 
4 
1167 1837 1838 1840 
5 
1167 1168 1837 1838 1839 
9 
587 588 882 1275 1276 1842 1843 1844 1923 
7 
587 933 936 1275 1841 1843 1844 
4 
936 1841 1842 1844 
5 
882 883 1841 1842 1843 
5 
113 114 1846 1847 1848 
6 
114 148 1692 1845 1847 1848 
7 
114 115 1813 1814 1845 1846 1848 
8 
113 114 115 116 1813 1845 1846 1847 
5 
965 968 1850 1851 1852 
9 
965 966 967 968 1208 1345 1849 1851 1852 
7 
967 968 1345 1348 1849 1850 1852 
4 
968 1849 1850 1851 
3 
1854 1855 1856 
3 
1853 1855 1856 
3 
1853 1854 1856 
3 
1853 1854 1855 
4 
383 1858 1859 1860 
3 
1857 1859 1860 
3 
1857 1858 1860 
3 
1857 1858 1859 
3 
1862 1863 1864 
5 
68 725 1861 1863 1864 
5 
725 728 1861 1862 1864 
3 
1861 1862 1863 
4 
81 1866 1867 1868 
5 
81 82 1865 1867 1868 
7 
81 82 83 84 1865 1866 1868 
5 
81 84 1865 1866 1867 
5 
1758 1759 1870 1871 1872 
3 
1869 1871 1872 
3 
1869 1870 1872 
4 
1759 1869 1870 1871 
3 
1874 1875 1876 
3 
1873 1875 1876 
3 
1873 1874 1876 
3 
1873 1874 1875 
5 
1878 1879 1880 1954 1955 
4 
760 1877 1879 1880 
3 
1877 1878 1880 
4 
1877 1878 1879 1955 
4 
941 1882 1883 1884 
5 
941 942 1881 1883 1884 
10 
74 941 942 943 944 1001 1002 1881 1882 1884 
8 
73 74 941 944 1001 1881 1882 1883 
9 
629 632 643 682 683 1886 1887 1888 1973 
11 
629 630 631 632 1216 1392 1885 1887 1888 1973 1974 
9 
631 632 1885 1886 1888 1973 1974 1975 1976 
7 
632 683 1885 1886 1887 1973 1976 
5 
255 984 1890 1891 1892 
5 
983 984 1889 1891 1892 
3 
1889 1890 1892 
3 
1889 1890 1891 
5 
1615 1687 1894 1895 1896 
6 
529 532 1464 1893 1895 1896 
4 
532 1893 1894 1896 
3 
1893 1894 1895 
4 
1369 1898 1899 1900 
5 
1369 1370 1897 1899 1900 
5 
1371 1372 1897 1898 1900 
4 
1372 1897 1898 1899 
3 
1902 1903 1904 
4 
1060 1901 1903 1904 
3 
1901 1902 1904 
3 
1901 1902 1903 
5 
19 20 1906 1907 1908 
4 
19 1905 1907 1908 
3 
1905 1906 1908 
5 
1602 1638 1905 1906 1907 
7 
1713 1714 1715 1716 1910 1911 1912 
5 
1714 1715 1909 1911 1912 
4 
1715 1909 1910 1912 
5 
1715 1716 1909 1910 1911 
7 
171 172 754 755 1914 1915 1916 
4 
171 1913 1915 1916 
8 
281 282 329 330 1566 1913 1914 1916 
8 
281 329 755 1565 1566 1913 1914 1915 
6 
404 1132 1660 1918 1919 1920 
11 
403 404 537 540 1131 1132 1659 1660 1917 1919 1920 
6 
540 717 718 1917 1918 1920 
4 
717 1917 1918 1919 
3 
1922 1923 1924 
6 
585 1273 1276 1921 1923 1924 
7 
585 588 1276 1841 1921 1922 1924 
3 
1921 1922 1923 
3 
1926 1927 1928 
3 
1925 1927 1928 
3 
1925 1926 1928 
3 
1925 1926 1927 
6 
840 1930 1931 1932 1998 1999 
5 
839 840 1929 1931 1932 
4 
66 1929 1930 1932 
6 
65 66 1929 1930 1931 1999 
9 
1450 1514 1617 1618 1619 1620 1934 1935 1936 
5 
1618 1619 1933 1935 1936 
5 
958 1619 1933 1934 1936 
11 
957 958 1450 1451 1514 1515 1619 1620 1933 1934 1935 
4 
1490 1938 1939 1940 
3 
1937 1939 1940 
3 
1937 1938 1940 
5 
1490 1491 1937 1938 1939 
3 
1942 1943 1944 
4 
817 1941 1943 1944 
5 
817 820 1941 1942 1944 
4 
894 1941 1942 1943 
6 
21 24 1576 1946 1947 1948 
10 
21 22 23 24 245 1575 1576 1945 1947 1948 
7 
23 24 245 248 1945 1946 1948 
4 
24 1945 1946 1947 
6 
231 232 1343 1950 1951 1952 
4 
231 1949 1951 1952 
5 
1157 1158 1949 1950 1952 
4 
1157 1949 1950 1951 
5 
70 71 1954 1955 1956 
4 
1877 1953 1955 1956 
5 
1877 1880 1953 1954 1956 
4 
71 1953 1954 1955 
5 
1801 1802 1958 1959 1960 
4 
1802 1957 1959 1960 
5 
1802 1803 1957 1958 1960 
7 
1801 1802 1803 1804 1957 1958 1959 
3 
1962 1963 1964 
3 
1961 1963 1964 
3 
1961 1962 1964 
3 
1961 1962 1963 
4 
1731 1966 1967 1968 
3 
1965 1967 1968 
3 
1965 1966 1968 
3 
1965 1966 1967 
5 
1661 1662 1970 1971 1972 
5 
344 1662 1969 1971 1972 
5 
1662 1663 1969 1970 1972 
7 
1661 1662 1663 1664 1969 1970 1971 
14 
629 630 631 632 682 683 1392 1885 1886 1887 1888 1974 1975 1976 
10 
630 631 1216 1391 1392 1886 1887 1973 1975 1976 
5 
631 1887 1973 1974 1976 
8 
631 632 683 1887 1888 1973 1974 1975 
5 
1625 1626 1978 1979 1980 
6 
556 1581 1626 1977 1979 1980 
9 
405 406 1581 1584 1626 1627 1977 1978 1980 
8 
405 1625 1626 1627 1628 1977 1978 1979 
3 
1982 1983 1984 
3 
1981 1983 1984 
3 
1981 1982 1984 
3 
1981 1982 1983 
4 
1783 1986 1987 1988 
3 
1985 1987 1988 
3 
1985 1986 1988 
4 
722 1985 1986 1987 
4 
993 1990 1991 1992 
6 
993 994 1752 1989 1991 1992 
5 
995 996 1989 1990 1992 
4 
996 1989 1990 1991 
8 
219 220 830 1533 1763 1994 1995 1996 
6 
219 1533 1534 1993 1995 1996 
7 
1533 1534 1535 1536 1993 1994 1996 
7 
830 831 1533 1536 1993 1994 1995 
3 
1998 1999 2000 
4 
1929 1997 1999 2000 
5 
1929 1932 1997 1998 2000 
4 
1098 1997 1998 1999 